103,33,1,0
103,34,2,0
103,35,3,0
103,36,4,0
103,37,5,0
103,38,6,0
103,39,7,0
103,40,8,0
103,41,9,0
103,42,10,0
103,43,11,0
103,44,12,0
103,45,13,0
103,46,14,0
103,47,15,0
103,48,16,0
103,49,17,0
103,50,18,0
103,18,19,0
103,51,20,0
103,52,21,0
103,53,22,0
103,54,23,0
103,55,24,0
103,56,25,0
103,57,26,0
103,58,27,0
103,59,28,0
103,1,29,1
104,1,1,0
104,2,2,0
104,3,3,0
104,4,4,0
104,5,5,0
104,6,6,0
104,7,7,0
104,8,8,0
104,9,9,0
104,10,10,0
104,11,11,0
104,12,12,0
104,13,13,0
104,14,14,0
104,15,15,0
104,16,16,0
104,17,17,0
104,18,18,0
104,19,19,0
104,20,20,0
104,21,21,0
104,22,22,0
104,23,23,0
104,24,24,0
104,25,25,0
104,26,26,0
104,27,27,0
104,28,28,0
104,29,29,0
104,60,30,0
104,31,31,0
104,32,32,0
104,33,33,1
203,61,1,0
203,62,2,0
203,60,3,0
203,100,4,0
203,64,5,0
203,65,6,0
203,66,7,0
203,67,8,0
203,68,9,0
203,69,10,0
203,70,11,0
203,71,12,0
203,72,13,0
203,73,14,0
203,74,15,0
203,75,16,0
203,76,17,0
203,51,18,0
203,77,19,0
203,78,20,0
203,79,21,0
203,80,22,0
203,81,23,0
203,82,24,0
203,83,25,0
203,84,26,0
203,85,27,0
203,86,28,0
203,87,29,0
203,59,30,0
203,1,31,1
204,1,1,0
204,88,2,0
204,89,3,0
204,90,4,0
204,91,5,0
204,92,6,0
204,93,7,0
204,94,8,0
204,17,9,0
204,95,10,0
204,96,11,0
204,97,12,0
204,98,13,0
204,99,14,0
204,61,15,1
303,101,1,0
303,102,2,0
303,103,3,0
303,104,4,0
303,105,5,0
303,106,6,0
303,143,7,0
303,108,8,0
303,109,9,0
303,110,10,0
303,111,11,0
303,112,12,0
303,113,13,0
303,114,14,0
303,115,15,0
303,116,16,0
303,117,17,0
303,17,18,0
303,118,19,0
303,119,20,0
303,120,21,0
303,121,22,0
303,122,23,0
303,123,24,0
303,124,25,0
303,125,26,0
303,126,27,0
303,127,28,0
303,128,29,0
303,129,30,0
303,130,31,0
303,59,32,0
303,1,33,1
304,1,1,0
304,2,2,0
304,131,3,0
304,132,4,0
304,133,5,0
304,134,6,0
304,135,7,0
304,136,8,0
304,137,9,0
304,18,10,0
304,51,11,0
304,95,12,0
304,138,13,0
304,139,14,0
304,140,15,0
304,141,16,0
304,142,17,0
304,101,18,1
400,144,1,0
400,145,2,0
400,146,3,0
400,147,4,0
400,148,5,0
400,149,6,0
400,150,7,0
400,151,8,0
400,152,9,0
400,157,10,0
400,158,11,0
400,159,12,0
400,160,13,0
400,161,14,0
400,162,15,0
400,163,16,0
400,94,17,0
400,51,18,0
400,153,19,0
400,154,20,0
400,155,21,0
400,156,22,1
501,157,1,0
501,164,2,0
501,165,3,0
501,166,4,0
501,167,5,0
501,168,6,0
501,169,7,0
501,170,8,0
501,171,9,0
501,172,10,0
501,59,11,0
501,1,12,0
501,173,13,0
501,174,14,0
501,175,15,0
501,176,16,0
501,177,17,0
501,178,18,0
501,179,19,0
501,180,20,1
502,180,1,0
502,181,2,0
502,182,3,0
502,183,4,0
502,184,5,0
502,185,6,0
502,186,7,0
502,187,8,0
502,188,9,0
502,189,10,0
502,190,11,0
502,191,12,0
502,192,13,0
502,193,14,0
502,59,15,0
502,1,16,0
502,194,17,0
502,195,18,0
502,196,19,0
502,197,20,0
502,198,21,0
502,199,22,0
502,200,23,0
502,201,24,0
502,157,25,1
603,244,1,0
603,203,2,0
603,204,3,0
603,205,4,0
603,206,5,0
603,207,6,0
603,208,7,0
603,209,8,0
603,210,9,0
603,211,10,0
603,212,11,0
603,213,12,0
603,214,13,0
603,143,14,0
603,215,15,0
603,216,16,0
603,217,17,0
603,218,18,0
603,245,19,0
603,220,20,0
603,221,21,0
603,222,22,0
603,223,23,0
603,157,24,1
604,157,1,0
604,224,2,0
604,225,3,0
604,226,4,0
604,227,5,0
604,228,6,0
604,229,7,0
604,246,8,0
604,231,9,0
604,232,10,0
604,233,11,0
604,247,12,0
604,235,13,0
604,236,14,0
604,237,15,0
604,238,16,0
604,239,17,0
604,248,18,0
604,241,19,0
604,242,20,0
604,243,21,0
604,244,22,1
700,287,1,0
700,255,2,0
700,256,3,0
700,257,4,0
700,258,5,0
700,259,6,0
700,260,7,0
700,261,8,0
700,262,9,0
700,263,10,0
700,143,11,0
700,264,12,0
700,265,13,0
700,266,14,0
700,267,15,0
700,268,16,0
700,269,17,0
700,270,18,0
700,271,19,0
700,272,20,0
700,288,21,0
700,273,22,0
700,274,23,0
700,275,24,0
700,276,25,0
700,277,26,0
700,278,27,0
700,279,28,0
700,280,29,0
700,281,30,0
700,282,31,0
700,283,32,0
700,284,33,0
700,285,34,0
700,286,35,0
700,249,36,0
700,250,37,0
700,251,38,0
700,252,39,0
700,253,40,1
803,289,1,0
803,290,2,0
803,291,3,0
803,292,4,0
803,293,5,0
803,294,6,0
803,295,7,0
803,296,8,0
803,297,9,0
803,298,10,1
804,298,1,0
804,290,2,0
804,291,3,0
804,292,4,0
804,293,5,0
804,294,6,0
804,295,7,0
804,296,8,0
804,297,9,0
804,289,10,1
903,106,1,0
903,143,2,0
903,108,3,0
903,109,4,0
903,110,5,0
903,111,6,0
903,112,7,0
903,113,8,0
903,114,9,0
903,115,10,0
903,116,11,0
903,117,12,0
903,17,13,0
903,118,14,0
903,119,15,0
903,120,16,0
903,121,17,0
903,122,18,0
903,123,19,0
903,124,20,0
903,125,21,0
903,126,22,0
903,127,23,0
903,128,24,0
903,129,25,0
903,130,26,0
903,188,27,0
903,189,28,0
903,190,29,0
903,191,30,0
903,192,31,0
903,193,32,0
903,59,33,0
903,1,34,1
904,180,1,0
904,181,2,0
904,182,3,0
904,183,4,0
904,184,5,0
904,185,6,0
904,186,7,0
904,187,8,0
904,188,9,0
904,189,10,0
904,190,11,0
904,191,12,0
904,192,13,0
904,193,14,0
904,59,15,0
904,1,16,0
904,135,17,0
904,136,18,0
904,137,19,0
904,18,20,0
904,51,21,0
904,19,22,0
904,20,23,0
904,21,24,0
904,22,25,0
904,23,26,0
904,101,27,0
904,102,28,0
904,103,29,0
904,104,30,0
904,105,31,0
904,106,32,1
9000,51,1,0
9000,53,2,0
9000,1,3,0
9000,299,4,0
9000,300,5,0
9000,301,6,0
9000,302,7,0
9000,303,8,0
9000,304,9,0
9000,305,10,0
9000,136,11,1
9100,51,1,0
9100,53,2,0
9100,1,3,0
9100,299,4,0
9100,300,5,0
9100,301,6,0
9100,302,7,0
9100,303,8,0
9100,304,9,0
9100,305,10,0
9100,306,11,0
9100,307,12,0
9100,308,13,0
9100,309,14,0
9100,310,15,0
9100,136,16,1
9200,311,1,0
9200,312,2,0
9200,313,3,0
9200,314,4,0
9200,315,5,0
9200,316,6,0
9200,317,7,1
9201,318,1,0
9201,313,2,0
9201,314,3,0
9201,315,4,0
9201,316,5,0
9201,317,6,0
9201,312,7,0
9201,311,8,1
9300,311,1,0
9300,312,2,0
9300,317,3,0
9300,320,4,0
9300,318,5,1
9301,319,1,0
9301,320,2,0
9301,318,3,0
9301,312,4,0
9301,311,5,1
9400,318,1,0
9400,321,2,0
9400,322,3,0
9400,323,4,0
9400,319,5,0
9400,1,6,0
9400,136,7,0
9400,51,8,1
9401,17,1,0
9401,136,2,0
9401,1,3,0
9401,321,4,0
9401,322,5,0
9401,323,6,0
9401,319,7,1
