'881',100,61700,,'',0,4000,,'',0,8000,,'',0,8000,,'',0,4000,,'',0,8000,,'',0,12000,,'',0,16000,,'',0,12000,,'',0,12000,,'',0,8000,,'',0,8000,,'',0,4000,,'',0,8000,,'',0,8000,,'',0,4000,,'',0,16000,,'',0
'881',101,61700,4,'',0,4000,4,'',0,8000,4,'',0,8000,4,'',0,4000,4,'',0,8000,4,'',0,12000,4,'',0,16000,4,'',0,12000,4,'',0,12000,4,'',0,8000,4,'',0,8000,4,'',0,4000,4,'',0,8000,4,'',0,8000,4,'',0,4000,4,'',0,16000,4,'',0
'882',100,61700,,'',0,4000,,'',0,8000,,'',0,8000,,'',0,4000,,'',0,8000,,'',0,12000,,'',0,16000,,'',0,12000,,'',0,12000,,'',0,8000,,'',0,8000,,'',0,4000,,'',0,8000,,'',0,8000,,'',0,4000,,'',0,16000,,'',0
'882',101,61700,4,'',0,4000,4,'',0,8000,4,'',0,8000,4,'',0,4000,4,'',0,8000,4,'',0,12000,4,'',0,16000,4,'',0,12000,4,'',0,12000,4,'',0,8000,4,'',0,8000,4,'',0,4000,4,'',0,8000,4,'',0,8000,4,'',0,4000,4,'',0,16000,4,'',0
'883',100,81700,,'',0,12000,,'',0,12000,,'',0,16000,,'',0,12000,,'',0,12000,,'',0,16000,,'',0,12000,,'',0,12000,,'',0,16000,,'',0
'883',101,81700,4,'',0,12000,4,'',0,12000,4,'',0,16000,4,'',0,12000,4,'',0,12000,4,'',0,16000,4,'',0,12000,4,'',0,12000,4,'',0,16000,4,'',0
'884',100,81700,,'',0,12000,,'',0,12000,,'',0,16000,,'',0,12000,,'',0,12000,,'',0,16000,,'',0,12000,,'',0
'884',101,81700,4,'',0,12000,4,'',0,12000,4,'',0,16000,4,'',0,12000,4,'',0,12000,4,'',0,16000,4,'',0,12000,4,'',0
'881',200,61700,,'',0,4000,,'',0,8000,,'',0,8000,,'',0,4000,,'',0,8000,,'',0,12000,,'',0,16000,,'',0,12000,,'',0,12000,,'',0,8000,,'',0,8000,,'',0,4000,,'',0,8000,,'',0,8000,,'',0,4000,,'',0,16000,,'',0
'881',201,61700,4,'',0,4000,4,'',0,8000,4,'',0,8000,4,'',0,4000,4,'',0,8000,4,'',0,12000,4,'',0,16000,4,'',0,12000,4,'',0,12000,4,'',0,8000,4,'',0,8000,4,'',0,4000,4,'',0,8000,4,'',0,8000,4,'',0,4000,4,'',0,16000,4,'',0
'882',200,61700,,'',0,4000,,'',0,8000,,'',0,8000,,'',0,4000,,'',0,8000,,'',0,12000,,'',0,16000,,'',0,12000,,'',0,12000,,'',0,8000,,'',0,8000,,'',0,4000,,'',0,8000,,'',0,8000,,'',0,4000,,'',0,16000,,'',0
'882',201,61700,4,'',0,4000,4,'',0,8000,4,'',0,8000,4,'',0,4000,4,'',0,8000,4,'',0,12000,4,'',0,16000,4,'',0,12000,4,'',0,12000,4,'',0,8000,4,'',0,8000,4,'',0,4000,4,'',0,8000,4,'',0,8000,4,'',0,4000,4,'',0,16000,4,'',0
'883',200,81700,,'',0,12000,,'',0,12000,,'',0,16000,,'',0,12000,,'',0,12000,,'',0,16000,,'',0,12000,,'',0,12000,,'',0,16000,,'',0
'883',201,81700,4,'',0,12000,4,'',0,12000,4,'',0,16000,4,'',0,12000,4,'',0,12000,4,'',0,16000,4,'',0,12000,4,'',0,12000,4,'',0,16000,4,'',0
'884',200,81700,,'',0,12000,,'',0,12000,,'',0,16000,,'',0,12000,,'',0,12000,,'',0,16000,,'',0,12000,,'',0
'884',201,81700,4,'',0,12000,4,'',0,12000,4,'',0,16000,4,'',0,12000,4,'',0,12000,4,'',0,16000,4,'',0,12000,4,'',0
'881',500,61700,,'',0,4000,,'',0,8000,,'',0,8000,,'',0,4000,,'',0,16000,,'',0,12000,,'',0,12000,,'',0,16000,,'',0,4000,,'',0,8000,,'',0,8000,,'',0,4000,,'',0,8000,,'',0,8000,,'',0,12000,,'',0,12000,,'',0
'881',501,61700,4,'',0,4000,4,'',0,8000,4,'',0,8000,4,'',0,4000,4,'',0,16000,4,'',0,12000,4,'',0,12000,4,'',0,16000,4,'',0,4000,4,'',0,8000,4,'',0,8000,4,'',0,4000,4,'',0,8000,4,'',0,8000,4,'',0,12000,4,'',0,12000,4,'',0
'882',500,61700,,'',0,4000,,'',0,8000,,'',0,8000,,'',0,4000,,'',0,16000,,'',0,12000,,'',0,12000,,'',0,16000,,'',0,4000,,'',0,8000,,'',0,8000,,'',0,4000,,'',0,8000,,'',0,8000,,'',0,12000,,'',0,12000,,'',0
'882',501,61700,4,'',0,4000,4,'',0,8000,4,'',0,8000,4,'',0,4000,4,'',0,16000,4,'',0,12000,4,'',0,12000,4,'',0,16000,4,'',0,4000,4,'',0,8000,4,'',0,8000,4,'',0,4000,4,'',0,8000,4,'',0,8000,4,'',0,12000,4,'',0,12000,4,'',0
'883',500,73700,,'',0,12000,,'',0,16000,,'',0,12000,,'',0,12000,,'',0,16000,,'',0,12000,,'',0,12000,,'',0,16000,,'',0,12000,,'',0
'883',501,73700,4,'',0,12000,4,'',0,16000,4,'',0,12000,4,'',0,12000,4,'',0,16000,4,'',0,12000,4,'',0,12000,4,'',0,16000,4,'',0,12000,4,'',0
'884',500,73700,,'',0,12000,,'',0,16000,,'',0,12000,,'',0,12000,,'',0,16000,,'',0,12000,,'',0,12000,,'',0,16000,,'',0
'884',501,73700,4,'',0,12000,4,'',0,16000,4,'',0,12000,4,'',0,12000,4,'',0,16000,4,'',0,12000,4,'',0,12000,4,'',0,16000,4,'',0
