'853',100,65000,4,'',0,8000,4,'',0,8000,4,'',0,4000,4,'',0,8000,4,'',0,8000,4,'',0,12000,4,'',0,12000,4,'',0,16000,4,'',0,12000,4,'',0,8000,4,'',0,4000,4,'',0,8000,4,'',0,8000,4,'',0,4000,4,'',0,8000,4,'',0,12000,4,'',0
'854',100,85000,4,'',0,16000,4,'',0,12000,4,'',0,12000,4,'',0,16000,4,'',0,12000,4,'',0,12000,4,'',0,16000,4,'',0,12000,4,'',0,12000,4,'',0
'855',100,101000,4,'',0,12000,4,'',0,12000,4,'',0,16000,4,'',0,12000,4,'',0,12000,4,'',0,16000,4,'',0
'853',200,63500,4,'',0,8000,4,'',0,4000,4,'',0,8000,4,'',0,8000,4,'',0,4000,4,'',0,16000,4,'',0,12000,4,'',0,12000,4,'',0,16000,4,'',0,4000,4,'',0,8000,4,'',0,8000,4,'',0,4000,4,'',0,8000,4,'',0,8000,4,'',0,12000,4,'',0
'854',200,83500,4,'',0,12000,4,'',0,16000,4,'',0,12000,4,'',0,12000,4,'',0,16000,4,'',0,12000,4,'',0,12000,4,'',0,16000,4,'',0,12000,4,'',0
'855',200,95500,4,'',0,16000,4,'',0,12000,4,'',0,12000,4,'',0,16000,4,'',0,12000,4,'',0,12000,4,'',0
'853',300,63500,4,'',0,8000,4,'',0,4000,4,'',0,8000,4,'',0,8000,4,'',0,4000,4,'',0,8000,4,'',0,8000,4,'',0,4000,4,'',0,8000,4,'',0,8000,4,'',0,4000,4,'',0,8000,4,'',0,8000,4,'',0,4000,4,'',0,8000,4,'',0,8000,4,'',0,4000,4,'',0,8000,4,'',0,8000,4,'',0,4000,4,'',0,8000,4,'',0,8000,4,'',0
'854',300,83500,4,'',0,8000,4,'',0,4000,4,'',0,8000,4,'',0,8000,4,'',0,4000,4,'',0,8000,4,'',0,8000,4,'',0,4000,4,'',0,8000,4,'',0,8000,4,'',0,4000,4,'',0,8000,4,'',0,8000,4,'',0,4000,4,'',0,8000,4,'',0,8000,4,'',0,4000,4,'',0,8000,4,'',0,8000,4,'',0
'855',300,91500,4,'',0,4000,4,'',0,8000,4,'',0,8000,4,'',0,4000,4,'',0,8000,4,'',0,8000,4,'',0,4000,4,'',0,8000,4,'',0,8000,4,'',0,4000,4,'',0,8000,4,'',0,8000,4,'',0,4000,4,'',0
'853',400,63500,4,'',0,8000,4,'',0,4000,4,'',0,8000,4,'',0,8000,4,'',0,4000,4,'',0,16000,4,'',0,12000,4,'',0,12000,4,'',0,16000,4,'',0,4000,4,'',0,8000,4,'',0,8000,4,'',0,4000,4,'',0,8000,4,'',0,8000,4,'',0,12000,4,'',0
'854',400,83500,4,'',0,12000,4,'',0,16000,4,'',0,12000,4,'',0,12000,4,'',0,16000,4,'',0,12000,4,'',0,12000,4,'',0,16000,4,'',0,12000,4,'',0
'855',400,95500,4,'',0,16000,4,'',0,12000,4,'',0,12000,4,'',0,16000,4,'',0,12000,4,'',0,12000,4,'',0
'853',500,63500,4,'',0,8000,4,'',0,4000,4,'',0,8000,4,'',0,8000,4,'',0,12000,4,'',0,12000,4,'',0,16000,4,'',0,12000,4,'',0,8000,4,'',0,4000,4,'',0,8000,4,'',0,8000,4,'',0,4000,4,'',0,8000,4,'',0,12000,4,'',0,16000,4,'',0
'854',500,91500,4,'',0,12000,4,'',0,12000,4,'',0,16000,4,'',0,12000,4,'',0,12000,4,'',0,16000,4,'',0,12000,4,'',0,12000,4,'',0
'855',500,91500,4,'',0,12000,4,'',0,12000,4,'',0,16000,4,'',0,12000,4,'',0,12000,4,'',0,16000,4,'',0,12000,4,'',0
'853',600,63500,4,'',0,8000,4,'',0,4000,4,'',0,8000,4,'',0,8000,4,'',0,12000,4,'',0,12000,4,'',0,16000,4,'',0,12000,4,'',0,8000,4,'',0,4000,4,'',0,8000,4,'',0,8000,4,'',0,4000,4,'',0,8000,4,'',0,12000,4,'',0,16000,4,'',0
'854',600,91500,4,'',0,12000,4,'',0,12000,4,'',0,16000,4,'',0,12000,4,'',0,12000,4,'',0,16000,4,'',0,12000,4,'',0,12000,4,'',0
'855',600,91500,4,'',0,12000,4,'',0,12000,4,'',0,16000,4,'',0,12000,4,'',0,12000,4,'',0,16000,4,'',0,12000,4,'',0
'853',700,63500,4,'',0,8000,4,'',0,4000,4,'',0,8000,4,'',0,8000,4,'',0,12000,4,'',0,12000,4,'',0,16000,4,'',0,12000,4,'',0,8000,4,'',0,4000,4,'',0,8000,4,'',0,8000,4,'',0,4000,4,'',0,8000,4,'',0,12000,4,'',0,16000,4,'',0
'854',700,91500,4,'',0,12000,4,'',0,12000,4,'',0,16000,4,'',0,12000,4,'',0,12000,4,'',0,16000,4,'',0,12000,4,'',0,12000,4,'',0
'855',700,91500,4,'',0,12000,4,'',0,12000,4,'',0,16000,4,'',0,12000,4,'',0,12000,4,'',0,16000,4,'',0,12000,4,'',0
'853',800,63500,4,'',0,8000,4,'',0,4000,4,'',0,8000,4,'',0,8000,4,'',0,4000,4,'',0,16000,4,'',0,12000,4,'',0,12000,4,'',0,16000,4,'',0,4000,4,'',0,8000,4,'',0,8000,4,'',0,4000,4,'',0,8000,4,'',0,8000,4,'',0,12000,4,'',0
'854',800,83500,4,'',0,12000,4,'',0,16000,4,'',0,12000,4,'',0,12000,4,'',0,16000,4,'',0,12000,4,'',0,12000,4,'',0,16000,4,'',0,12000,4,'',0
'855',800,95500,4,'',0,16000,4,'',0,12000,4,'',0,12000,4,'',0,16000,4,'',0,12000,4,'',0,12000,4,'',0
'853',900,71500,4,'',0,4000,4,'',0,8000,4,'',0,8000,4,'',0,12000,4,'',0,12000,4,'',0,16000,4,'',0,12000,4,'',0,12000,4,'',0,8000,4,'',0,8000,4,'',0,4000,4,'',0,8000,4,'',0,12000,4,'',0,16000,4,'',0
'854',900,91500,4,'',0,12000,4,'',0,12000,4,'',0,16000,4,'',0,12000,4,'',0,12000,4,'',0,16000,4,'',0,12000,4,'',0,12000,4,'',0,16000,4,'',0
'855',900,91500,4,'',0,12000,4,'',0,12000,4,'',0,16000,4,'',0,12000,4,'',0,12000,4,'',0,16000,4,'',0,12000,4,'',0
