'881',100,65000,4,'',0,8000,4,'',0,8000,4,'',0,4000,4,'',0,8000,4,'',0,8000,4,'',0,12000,4,'',0,12000,4,'',0,16000,4,'',0,12000,4,'',0,8000,4,'',0,4000,4,'',0,8000,4,'',0,8000,4,'',0,4000,4,'',0,8000,4,'',0,12000,4,'',0
'881',101,60000,,'',0,4000,,'',0,8000,,'',0,8000,,'',0,4000,,'',0,8000,,'',0,12000,,'',0,16000,,'',0,12000,,'',0,12000,,'',0,8000,,'',0,8000,,'',0,4000,,'',0,8000,,'',0,8000,,'',0,4000,,'',0,16000,,'',0
'882',100,65000,4,'',0,8000,4,'',0,8000,4,'',0,4000,4,'',0,8000,4,'',0,8000,4,'',0,12000,4,'',0,12000,4,'',0,16000,4,'',0,12000,4,'',0,8000,4,'',0,4000,4,'',0,8000,4,'',0,8000,4,'',0,4000,4,'',0,8000,4,'',0,12000,4,'',0
'882',101,60000,,'',0,4000,,'',0,8000,,'',0,8000,,'',0,4000,,'',0,8000,,'',0,12000,,'',0,16000,,'',0,12000,,'',0,12000,,'',0,8000,,'',0,8000,,'',0,4000,,'',0,8000,,'',0,8000,,'',0,4000,,'',0,16000,,'',0
'883',100,85000,4,'',0,16000,4,'',0,12000,4,'',0,12000,4,'',0,16000,4,'',0,12000,4,'',0,12000,4,'',0,16000,4,'',0,12000,4,'',0,12000,4,'',0
'883',101,80000,,'',0,12000,,'',0,12000,,'',0,16000,,'',0,12000,,'',0,12000,,'',0,16000,,'',0,12000,,'',0,12000,,'',0,16000,,'',0
'884',100,85000,4,'',0,16000,4,'',0,12000,4,'',0,12000,4,'',0,16000,4,'',0,12000,4,'',0,12000,4,'',0,16000,4,'',0
'884',101,80000,,'',0,12000,,'',0,12000,,'',0,16000,,'',0,12000,,'',0,12000,,'',0,16000,,'',0,12000,,'',0
'881',200,63500,4,'',0,8000,4,'',0,4000,4,'',0,8000,4,'',0,8000,4,'',0,4000,4,'',0,16000,4,'',0,12000,4,'',0,12000,4,'',0,16000,4,'',0,4000,4,'',0,8000,4,'',0,8000,4,'',0,4000,4,'',0,8000,4,'',0,8000,4,'',0,12000,4,'',0
'881',201,64000,,'',0,8000,,'',0,8000,,'',0,4000,,'',0,8000,,'',0,12000,,'',0,16000,,'',0,12000,,'',0,12000,,'',0,8000,,'',0,8000,,'',0,4000,,'',0,8000,,'',0,8000,,'',0,4000,,'',0,16000,,'',0
'882',200,63500,4,'',0,8000,4,'',0,4000,4,'',0,8000,4,'',0,8000,4,'',0,4000,4,'',0,16000,4,'',0,12000,4,'',0,12000,4,'',0,16000,4,'',0,4000,4,'',0,8000,4,'',0,8000,4,'',0,4000,4,'',0,8000,4,'',0,8000,4,'',0,12000,4,'',0
'882',201,64000,,'',0,8000,,'',0,8000,,'',0,4000,,'',0,8000,,'',0,12000,,'',0,16000,,'',0,12000,,'',0,12000,,'',0,8000,,'',0,8000,,'',0,4000,,'',0,8000,,'',0,8000,,'',0,4000,,'',0,16000,,'',0
'883',200,83500,4,'',0,12000,4,'',0,16000,4,'',0,12000,4,'',0,12000,4,'',0,16000,4,'',0,12000,4,'',0,12000,4,'',0,16000,4,'',0,12000,4,'',0
'883',201,80000,,'',0,12000,,'',0,12000,,'',0,16000,,'',0,12000,,'',0,12000,,'',0,16000,,'',0,12000,,'',0,12000,,'',0,16000,,'',0
'884',200,83500,4,'',0,12000,4,'',0,16000,4,'',0,12000,4,'',0,12000,4,'',0,16000,4,'',0,12000,4,'',0,12000,4,'',0
'884',201,80000,,'',0,12000,,'',0,12000,,'',0,16000,,'',0,12000,,'',0,12000,,'',0,16000,,'',0,12000,,'',0
'881',300,63500,4,'',0,8000,4,'',0,4000,4,'',0,8000,4,'',0,8000,4,'',0,4000,4,'',0,8000,4,'',0,8000,4,'',0,4000,4,'',0,8000,4,'',0,8000,4,'',0,4000,4,'',0,8000,4,'',0,8000,4,'',0,4000,4,'',0,8000,4,'',0,8000,4,'',0,4000,4,'',0,8000,4,'',0,8000,4,'',0,4000,4,'',0,8000,4,'',0,8000,4,'',0
'881',301,60000,,'',0,4000,,'',0,8000,,'',0,8000,,'',0,4000,,'',0,8000,,'',0,8000,,'',0,4000,,'',0,8000,,'',0,8000,,'',0,4000,,'',0,8000,,'',0,8000,,'',0,4000,,'',0,8000,,'',0,8000,,'',0,4000,,'',0,8000,,'',0,8000,,'',0,4000,,'',0,8000,,'',0,8000,,'',0,4000,,'',0
'882',300,63500,4,'',0,8000,4,'',0,4000,4,'',0,8000,4,'',0,8000,4,'',0,4000,4,'',0,8000,4,'',0,8000,4,'',0,4000,4,'',0,8000,4,'',0,8000,4,'',0,4000,4,'',0,8000,4,'',0,8000,4,'',0,4000,4,'',0,8000,4,'',0,8000,4,'',0,4000,4,'',0,8000,4,'',0,8000,4,'',0,4000,4,'',0,8000,4,'',0,8000,4,'',0
'882',301,60000,,'',0,4000,,'',0,8000,,'',0,8000,,'',0,4000,,'',0,8000,,'',0,8000,,'',0,4000,,'',0,8000,,'',0,8000,,'',0,4000,,'',0,8000,,'',0,8000,,'',0,4000,,'',0,8000,,'',0,8000,,'',0,4000,,'',0,8000,,'',0,8000,,'',0,4000,,'',0,8000,,'',0,8000,,'',0,4000,,'',0
'883',300,83500,4,'',0,8000,4,'',0,4000,4,'',0,8000,4,'',0,8000,4,'',0,4000,4,'',0,8000,4,'',0,8000,4,'',0,4000,4,'',0,8000,4,'',0,8000,4,'',0,4000,4,'',0,8000,4,'',0,8000,4,'',0,4000,4,'',0,8000,4,'',0,8000,4,'',0,4000,4,'',0,8000,4,'',0,8000,4,'',0
'883',301,80000,,'',0,4000,,'',0,8000,,'',0,8000,,'',0,4000,,'',0,8000,,'',0,8000,,'',0,4000,,'',0,8000,,'',0,8000,,'',0,4000,,'',0,8000,,'',0,8000,,'',0,4000,,'',0,8000,,'',0,8000,,'',0,4000,,'',0,8000,,'',0,8000,,'',0,4000,,'',0
'884',300,83500,4,'',0,8000,4,'',0,4000,4,'',0,8000,4,'',0,8000,4,'',0,4000,4,'',0,8000,4,'',0,8000,4,'',0,4000,4,'',0,8000,4,'',0,8000,4,'',0,4000,4,'',0,8000,4,'',0,8000,4,'',0,4000,4,'',0
'884',301,80000,,'',0,4000,,'',0,8000,,'',0,8000,,'',0,4000,,'',0,8000,,'',0,8000,,'',0,4000,,'',0,8000,,'',0,8000,,'',0,4000,,'',0,8000,,'',0,8000,,'',0,4000,,'',0,8000,,'',0
'881',400,63500,4,'',0,8000,4,'',0,4000,4,'',0,8000,4,'',0,8000,4,'',0,4000,4,'',0,16000,4,'',0,12000,4,'',0,12000,4,'',0,16000,4,'',0,4000,4,'',0,8000,4,'',0,8000,4,'',0,4000,4,'',0,8000,4,'',0,8000,4,'',0,12000,4,'',0
'881',401,60000,,'',0,4000,,'',0,8000,,'',0,8000,,'',0,4000,,'',0,8000,,'',0,12000,,'',0,16000,,'',0,12000,,'',0,12000,,'',0,8000,,'',0,8000,,'',0,4000,,'',0,8000,,'',0,8000,,'',0,4000,,'',0,16000,,'',0
'882',400,63500,4,'',0,8000,4,'',0,4000,4,'',0,8000,4,'',0,8000,4,'',0,4000,4,'',0,16000,4,'',0,12000,4,'',0,12000,4,'',0,16000,4,'',0,4000,4,'',0,8000,4,'',0,8000,4,'',0,4000,4,'',0,8000,4,'',0,8000,4,'',0,12000,4,'',0
'882',401,60000,,'',0,4000,,'',0,8000,,'',0,8000,,'',0,4000,,'',0,8000,,'',0,12000,,'',0,16000,,'',0,12000,,'',0,12000,,'',0,8000,,'',0,8000,,'',0,4000,,'',0,8000,,'',0,8000,,'',0,4000,,'',0,16000,,'',0
'883',400,83500,4,'',0,12000,4,'',0,16000,4,'',0,12000,4,'',0,12000,4,'',0,16000,4,'',0,12000,4,'',0,12000,4,'',0,16000,4,'',0,12000,4,'',0
'883',401,80000,,'',0,12000,,'',0,12000,,'',0,16000,,'',0,12000,,'',0,12000,,'',0,16000,,'',0,12000,,'',0,12000,,'',0,16000,,'',0
'884',400,83500,4,'',0,12000,4,'',0,16000,4,'',0,12000,4,'',0,12000,4,'',0,16000,4,'',0,12000,4,'',0,12000,4,'',0
'884',401,80000,,'',0,12000,,'',0,12000,,'',0,16000,,'',0,12000,,'',0,12000,,'',0,16000,,'',0,12000,,'',0
'881',500,63500,4,'',0,8000,4,'',0,4000,4,'',0,8000,4,'',0,8000,4,'',0,12000,4,'',0,12000,4,'',0,16000,4,'',0,12000,4,'',0,8000,4,'',0,4000,4,'',0,8000,4,'',0,8000,4,'',0,4000,4,'',0,8000,4,'',0,12000,4,'',0,16000,4,'',0
'881',501,60000,,'',0,4000,,'',0,8000,,'',0,8000,,'',0,4000,,'',0,16000,,'',0,12000,,'',0,12000,,'',0,16000,,'',0,4000,,'',0,8000,,'',0,8000,,'',0,4000,,'',0,8000,,'',0,8000,,'',0,12000,,'',0,12000,,'',0
'882',500,63500,4,'',0,8000,4,'',0,4000,4,'',0,8000,4,'',0,8000,4,'',0,12000,4,'',0,12000,4,'',0,16000,4,'',0,12000,4,'',0,8000,4,'',0,4000,4,'',0,8000,4,'',0,8000,4,'',0,4000,4,'',0,8000,4,'',0,12000,4,'',0,16000,4,'',0
'882',501,60000,,'',0,4000,,'',0,8000,,'',0,8000,,'',0,4000,,'',0,16000,,'',0,12000,,'',0,12000,,'',0,16000,,'',0,4000,,'',0,8000,,'',0,8000,,'',0,4000,,'',0,8000,,'',0,8000,,'',0,12000,,'',0,12000,,'',0
'883',500,75500,4,'',0,16000,4,'',0,12000,4,'',0,12000,4,'',0,16000,4,'',0,12000,4,'',0,12000,4,'',0,16000,4,'',0,12000,4,'',0,12000,4,'',0
'883',501,84000,,'',0,16000,,'',0,12000,,'',0,12000,,'',0,16000,,'',0,12000,,'',0,12000,,'',0,16000,,'',0,12000,,'',0
'884',500,75500,4,'',0,16000,4,'',0,12000,4,'',0,12000,4,'',0,16000,4,'',0,12000,4,'',0,12000,4,'',0,16000,4,'',0,12000,4,'',0
'884',501,84000,,'',0,16000,,'',0,12000,,'',0,12000,,'',0,16000,,'',0,12000,,'',0,12000,,'',0,16000,,'',0
'881',600,63500,4,'',0,8000,4,'',0,4000,4,'',0,8000,4,'',0,8000,4,'',0,12000,4,'',0,12000,4,'',0,16000,4,'',0,12000,4,'',0,8000,4,'',0,4000,4,'',0,8000,4,'',0,8000,4,'',0,4000,4,'',0,8000,4,'',0,12000,4,'',0,16000,4,'',0
'881',601,60000,,'',0,4000,,'',0,8000,,'',0,8000,,'',0,4000,,'',0,16000,,'',0,12000,,'',0,12000,,'',0,16000,,'',0,4000,,'',0,8000,,'',0,8000,,'',0,4000,,'',0,8000,,'',0,8000,,'',0,12000,,'',0,12000,,'',0
'882',600,63500,4,'',0,8000,4,'',0,4000,4,'',0,8000,4,'',0,8000,4,'',0,12000,4,'',0,12000,4,'',0,16000,4,'',0,12000,4,'',0,8000,4,'',0,4000,4,'',0,8000,4,'',0,8000,4,'',0,4000,4,'',0,8000,4,'',0,12000,4,'',0,16000,4,'',0
'882',601,60000,,'',0,4000,,'',0,8000,,'',0,8000,,'',0,4000,,'',0,16000,,'',0,12000,,'',0,12000,,'',0,16000,,'',0,4000,,'',0,8000,,'',0,8000,,'',0,4000,,'',0,8000,,'',0,8000,,'',0,12000,,'',0,12000,,'',0
'883',600,75500,4,'',0,16000,4,'',0,12000,4,'',0,12000,4,'',0,16000,4,'',0,12000,4,'',0,12000,4,'',0,16000,4,'',0,12000,4,'',0,12000,4,'',0
'883',601,84000,,'',0,16000,,'',0,12000,,'',0,12000,,'',0,16000,,'',0,12000,,'',0,12000,,'',0,16000,,'',0,12000,,'',0
'884',600,75500,4,'',0,16000,4,'',0,12000,4,'',0,12000,4,'',0,16000,4,'',0,12000,4,'',0,12000,4,'',0,16000,4,'',0,12000,4,'',0
'884',601,84000,,'',0,16000,,'',0,12000,,'',0,12000,,'',0,16000,,'',0,12000,,'',0,12000,,'',0,16000,,'',0
'881',700,63500,4,'',0,8000,4,'',0,4000,4,'',0,8000,4,'',0,8000,4,'',0,12000,4,'',0,12000,4,'',0,16000,4,'',0,12000,4,'',0,8000,4,'',0,4000,4,'',0,8000,4,'',0,8000,4,'',0,4000,4,'',0,8000,4,'',0,12000,4,'',0,16000,4,'',0
'881',701,60000,,'',0,4000,,'',0,8000,,'',0,8000,,'',0,4000,,'',0,16000,,'',0,12000,,'',0,12000,,'',0,16000,,'',0,4000,,'',0,8000,,'',0,8000,,'',0,4000,,'',0,8000,,'',0,8000,,'',0,12000,,'',0,12000,,'',0
'882',700,63500,4,'',0,8000,4,'',0,4000,4,'',0,8000,4,'',0,8000,4,'',0,12000,4,'',0,12000,4,'',0,16000,4,'',0,12000,4,'',0,8000,4,'',0,4000,4,'',0,8000,4,'',0,8000,4,'',0,4000,4,'',0,8000,4,'',0,12000,4,'',0,16000,4,'',0
'882',701,60000,,'',0,4000,,'',0,8000,,'',0,8000,,'',0,4000,,'',0,16000,,'',0,12000,,'',0,12000,,'',0,16000,,'',0,4000,,'',0,8000,,'',0,8000,,'',0,4000,,'',0,8000,,'',0,8000,,'',0,12000,,'',0,12000,,'',0
'883',700,75500,4,'',0,16000,4,'',0,12000,4,'',0,12000,4,'',0,16000,4,'',0,12000,4,'',0,12000,4,'',0,16000,4,'',0,12000,4,'',0,12000,4,'',0
'883',701,72000,,'',0,12000,,'',0,16000,,'',0,12000,,'',0,12000,,'',0,16000,,'',0,12000,,'',0,12000,,'',0,16000,,'',0,12000,,'',0
'884',700,75500,4,'',0,16000,4,'',0,12000,4,'',0,12000,4,'',0,16000,4,'',0,12000,4,'',0,12000,4,'',0,16000,4,'',0
'884',701,72000,,'',0,12000,,'',0,16000,,'',0,12000,,'',0,12000,,'',0,16000,,'',0,12000,,'',0,12000,,'',0
'881',800,63500,4,'',0,8000,4,'',0,4000,4,'',0,8000,4,'',0,8000,4,'',0,4000,4,'',0,16000,4,'',0,12000,4,'',0,12000,4,'',0,16000,4,'',0,4000,4,'',0,8000,4,'',0,8000,4,'',0,4000,4,'',0,8000,4,'',0,8000,4,'',0,12000,4,'',0
'881',801,60000,,'',0,4000,,'',0,8000,,'',0,8000,,'',0,4000,,'',0,8000,,'',0,12000,,'',0,16000,,'',0,12000,,'',0,12000,,'',0,8000,,'',0,8000,,'',0,4000,,'',0,8000,,'',0,8000,,'',0,4000,,'',0,16000,,'',0
'882',800,63500,4,'',0,8000,4,'',0,4000,4,'',0,8000,4,'',0,8000,4,'',0,4000,4,'',0,16000,4,'',0,12000,4,'',0,12000,4,'',0,16000,4,'',0,4000,4,'',0,8000,4,'',0,8000,4,'',0,4000,4,'',0,8000,4,'',0,8000,4,'',0,12000,4,'',0
'882',801,60000,,'',0,4000,,'',0,8000,,'',0,8000,,'',0,4000,,'',0,8000,,'',0,12000,,'',0,16000,,'',0,12000,,'',0,12000,,'',0,8000,,'',0,8000,,'',0,4000,,'',0,8000,,'',0,8000,,'',0,4000,,'',0,16000,,'',0
'883',800,83500,4,'',0,12000,4,'',0,16000,4,'',0,12000,4,'',0,12000,4,'',0,16000,4,'',0,12000,4,'',0,12000,4,'',0,16000,4,'',0,12000,4,'',0
'883',801,80000,,'',0,12000,,'',0,12000,,'',0,16000,,'',0,12000,,'',0,12000,,'',0,16000,,'',0,12000,,'',0,12000,,'',0,16000,,'',0
'884',800,83500,4,'',0,12000,4,'',0,16000,4,'',0,12000,4,'',0,12000,4,'',0,16000,4,'',0,12000,4,'',0,12000,4,'',0
'884',801,80000,,'',0,12000,,'',0,12000,,'',0,16000,,'',0,12000,,'',0,12000,,'',0,16000,,'',0,12000,,'',0
'881',900,71500,4,'',0,4000,4,'',0,8000,4,'',0,8000,4,'',0,12000,4,'',0,12000,4,'',0,16000,4,'',0,12000,4,'',0,12000,4,'',0,8000,4,'',0,8000,4,'',0,4000,4,'',0,8000,4,'',0,12000,4,'',0,16000,4,'',0
'881',901,65500,,'',0,8000,,'',0,8000,,'',0,4000,,'',0,16000,,'',0,12000,,'',0,12000,,'',0,16000,,'',0,12000,,'',0,8000,,'',0,4000,,'',0,8000,,'',0,8000,,'',0,12000,,'',0,12000,,'',0
'882',900,71500,4,'',0,4000,4,'',0,8000,4,'',0,8000,4,'',0,12000,4,'',0,12000,4,'',0,16000,4,'',0,12000,4,'',0,12000,4,'',0,8000,4,'',0,8000,4,'',0,4000,4,'',0,8000,4,'',0,12000,4,'',0,16000,4,'',0
'882',901,65500,,'',0,8000,,'',0,8000,,'',0,4000,,'',0,16000,,'',0,12000,,'',0,12000,,'',0,16000,,'',0,12000,,'',0,8000,,'',0,4000,,'',0,8000,,'',0,8000,,'',0,12000,,'',0,12000,,'',0
'883',900,75500,4,'',0,16000,4,'',0,12000,4,'',0,12000,4,'',0,16000,4,'',0,12000,4,'',0,12000,4,'',0,16000,4,'',0,12000,4,'',0,12000,4,'',0,16000,4,'',0
'883',901,85500,,'',0,16000,,'',0,12000,,'',0,12000,,'',0,16000,,'',0,12000,,'',0,12000,,'',0,16000,,'',0,12000,,'',0,12000,,'',0
'884',900,75500,4,'',0,16000,4,'',0,12000,4,'',0,12000,4,'',0,16000,4,'',0,12000,4,'',0,12000,4,'',0,16000,4,'',0,12000,4,'',0
'884',901,85500,,'',0,16000,,'',0,12000,,'',0,12000,,'',0,16000,,'',0,12000,,'',0,12000,,'',0,16000,,'',0
