103,1,1,0
103,2,2,0
103,3,3,0
103,4,4,0
103,5,5,0
103,6,6,0
103,7,7,0
103,8,8,0
103,9,9,0
103,10,10,0
103,11,11,0
103,12,12,0
103,13,13,0
103,14,14,0
103,15,15,0
103,16,16,0
103,17,17,0
103,18,18,0
103,19,19,0
103,20,20,0
103,21,21,0
103,22,22,0
103,23,23,0
103,24,24,0
103,25,25,0
103,26,26,0
103,27,27,0
103,28,28,0
103,29,29,1
104,29,1,0
104,30,2,0
104,31,3,0
104,32,4,0
104,33,5,0
104,34,6,0
104,35,7,0
104,36,8,0
104,37,9,0
104,38,10,0
104,39,11,0
104,40,12,0
104,41,13,0
104,42,14,0
104,43,15,0
104,44,16,0
104,45,17,0
104,19,18,0
104,46,19,0
104,47,20,0
104,48,21,0
104,49,22,0
104,50,23,0
104,51,24,0
104,52,25,0
104,53,26,0
104,54,27,0
104,55,28,0
104,56,29,0
104,57,30,0
104,58,31,0
104,59,32,0
104,1,33,1
203,60,1,0
203,61,2,0
203,57,3,0
203,62,4,0
203,63,5,0
203,64,6,0
203,65,7,0
203,66,8,0
203,67,9,0
203,68,10,0
203,69,11,0
203,70,12,0
203,71,13,0
203,72,14,0
203,73,15,0
203,74,16,0
203,75,17,0
203,20,18,0
203,76,19,0
203,77,20,0
203,78,21,0
203,79,22,0
203,80,23,0
203,81,24,0
203,82,25,0
203,83,26,0
203,84,27,0
203,85,28,0
203,86,29,0
203,28,30,0
203,29,31,1
204,29,1,0
204,87,2,0
204,88,3,0
204,89,4,0
204,90,5,0
204,91,6,0
204,92,7,0
204,93,8,0
204,45,9,0
204,94,10,0
204,95,11,0
204,96,12,0
204,97,13,0
204,98,14,0
204,60,15,1
303,99,1,0
303,100,2,0
303,101,3,0
303,102,4,0
303,103,5,0
303,104,6,0
303,105,7,0
303,106,8,0
303,107,9,0
303,108,10,0
303,109,11,0
303,110,12,0
303,111,13,0
303,112,14,0
303,113,15,0
303,114,16,0
303,115,17,0
303,45,18,0
303,116,19,0
303,117,20,0
303,118,21,0
303,119,22,0
303,120,23,0
303,121,24,0
303,122,25,0
303,123,26,0
303,124,27,0
303,125,28,0
303,126,29,0
303,127,30,0
303,128,31,0
303,28,32,0
303,29,33,1
304,29,1,0
304,30,2,0
304,129,3,0
304,130,4,0
304,131,5,0
304,132,6,0
304,133,7,0
304,134,8,0
304,135,9,0
304,19,10,0
304,20,11,0
304,94,12,0
304,136,13,0
304,137,14,0
304,138,15,0
304,139,16,0
304,140,17,0
304,99,18,1
400,141,1,0
400,142,2,0
400,143,3,0
400,144,4,0
400,145,5,0
400,146,6,0
400,147,7,0
400,148,8,0
400,149,9,0
400,154,10,0
400,155,11,0
400,156,12,0
400,157,13,0
400,158,14,0
400,159,15,0
400,160,16,0
400,93,17,0
400,20,18,0
400,150,19,0
400,151,20,0
400,152,21,0
400,153,22,1
501,154,1,0
501,161,2,0
501,162,3,0
501,163,4,0
501,164,5,0
501,165,6,0
501,166,7,0
501,167,8,0
501,168,9,0
501,169,10,0
501,28,11,0
501,29,12,0
501,170,13,0
501,171,14,0
501,172,15,0
501,173,16,0
501,174,17,0
501,175,18,0
501,176,19,0
501,177,20,1
502,177,1,0
502,178,2,0
502,179,3,0
502,180,4,0
502,181,5,0
502,182,6,0
502,183,7,0
502,184,8,0
502,185,9,0
502,186,10,0
502,187,11,0
502,188,12,0
502,189,13,0
502,190,14,0
502,28,15,0
502,29,16,0
502,191,17,0
502,192,18,0
502,193,19,0
502,194,20,0
502,195,21,0
502,196,22,0
502,197,23,0
502,198,24,0
502,154,25,1
603,199,1,0
603,200,2,0
603,201,3,0
603,202,4,0
603,203,5,0
603,204,6,0
603,205,7,0
603,206,8,0
603,207,9,0
603,208,10,0
603,209,11,0
603,210,12,0
603,211,13,0
603,105,14,0
603,212,15,0
603,213,16,0
603,214,17,0
603,215,18,0
603,216,19,0
603,217,20,0
603,218,21,0
603,219,22,0
603,220,23,0
603,154,24,1
604,154,1,0
604,221,2,0
604,222,3,0
604,223,4,0
604,224,5,0
604,225,6,0
604,226,7,0
604,227,8,0
604,228,9,0
604,229,10,0
604,230,11,0
604,231,12,0
604,232,13,0
604,233,14,0
604,234,15,0
604,235,16,0
604,236,17,0
604,237,18,0
604,238,19,0
604,239,20,0
604,240,21,0
604,199,22,1
700,105,1,0
700,242,2,0
700,243,3,0
700,244,4,0
700,245,5,0
700,246,6,0
700,247,7,0
700,248,8,0
700,249,9,0
700,250,10,0
700,251,11,0
700,252,12,0
700,253,13,0
700,254,14,0
700,255,15,0
700,256,16,0
700,257,17,0
700,258,18,0
700,259,19,0
700,260,20,0
700,261,21,0
700,262,22,0
700,263,23,0
700,264,24,0
700,265,25,0
700,266,26,0
700,267,27,0
700,268,28,0
700,269,29,0
700,270,30,0
700,271,31,0
700,272,32,0
700,273,33,0
700,274,34,0
700,275,35,0
700,276,36,0
700,277,37,0
700,278,38,0
700,279,39,0
700,280,40,1
803,281,1,0
803,282,2,0
803,283,3,0
803,284,4,0
803,285,5,0
803,286,6,0
803,287,7,0
803,288,8,0
803,289,9,0
803,290,10,1
804,290,1,0
804,282,2,0
804,283,3,0
804,284,4,0
804,285,5,0
804,286,6,0
804,287,7,0
804,288,8,0
804,289,9,0
804,281,10,1
9000,20,1,0
9000,22,2,0
9000,29,3,0
9000,291,4,0
9000,292,5,0
9000,293,6,0
9000,294,7,0
9000,295,8,0
9000,296,9,0
9000,297,10,0
9000,134,11,1
9100,20,1,0
9100,22,2,0
9100,29,3,0
9100,158,4,0
9100,291,5,0
9100,292,6,0
9100,293,7,0
9100,294,8,0
9100,295,9,0
9100,296,10,0
9100,297,11,0
9100,298,12,0
9100,299,13,0
9100,300,14,0
9100,301,15,0
9100,302,16,0
9100,303,17,0
9100,134,18,1
9200,304,1,0
9200,305,2,0
9200,306,3,0
9200,307,4,0
9200,308,5,0
9200,309,6,1
9201,310,1,0
9201,306,2,0
9201,307,3,0
9201,308,4,0
9201,309,5,0
9201,305,6,0
9201,304,7,1
9300,304,1,0
9300,305,2,0
9300,309,3,0
9300,312,4,0
9300,310,5,1
9301,311,1,0
9301,312,2,0
9301,310,3,0
9301,305,4,0
9301,304,5,1
9400,310,1,0
9400,313,2,0
9400,314,3,0
9400,315,4,0
9400,311,5,0
9400,303,6,0
9400,29,7,0
9400,134,8,0
9400,20,9,1
9401,45,1,0
9401,134,2,0
9401,29,3,0
9401,158,4,0
9401,313,5,0
9401,314,6,0
9401,315,7,0
9401,311,8,1
