103,33,1,0
103,34,2,0
103,35,3,0
103,36,4,0
103,37,5,0
103,38,6,0
103,39,7,0
103,40,8,0
103,41,9,0
103,42,10,0
103,43,11,0
103,44,12,0
103,45,13,0
103,46,14,0
103,47,15,0
103,48,16,0
103,49,17,0
103,50,18,0
103,18,19,0
103,51,20,0
103,52,21,0
103,53,22,0
103,54,23,0
103,55,24,0
103,56,25,0
103,57,26,0
103,58,27,0
103,59,28,0
103,1,29,1
104,1,1,0
104,2,2,0
104,3,3,0
104,4,4,0
104,5,5,0
104,6,6,0
104,7,7,0
104,8,8,0
104,9,9,0
104,10,10,0
104,11,11,0
104,12,12,0
104,13,13,0
104,14,14,0
104,15,15,0
104,16,16,0
104,17,17,0
104,18,18,0
104,19,19,0
104,20,20,0
104,21,21,0
104,22,22,0
104,23,23,0
104,24,24,0
104,25,25,0
104,26,26,0
104,27,27,0
104,28,28,0
104,29,29,0
104,30,30,0
104,31,31,0
104,32,32,0
104,33,33,1
203,60,1,0
203,61,2,0
203,30,3,0
203,62,4,0
203,63,5,0
203,64,6,0
203,65,7,0
203,66,8,0
203,67,9,0
203,68,10,0
203,69,11,0
203,70,12,0
203,71,13,0
203,72,14,0
203,73,15,0
203,74,16,0
203,75,17,0
203,51,18,0
203,76,19,0
203,77,20,0
203,78,21,0
203,79,22,0
203,80,23,0
203,81,24,0
203,82,25,0
203,83,26,0
203,84,27,0
203,85,28,0
203,59,29,0
203,1,30,1
204,1,1,0
204,86,2,0
204,87,3,0
204,88,4,0
204,89,5,0
204,90,6,0
204,91,7,0
204,92,8,0
204,17,9,0
204,93,10,0
204,94,11,0
204,95,12,0
204,96,13,0
204,97,14,0
204,60,15,1
303,98,1,0
303,99,2,0
303,100,3,0
303,101,4,0
303,102,5,0
303,103,6,0
303,104,7,0
303,105,8,0
303,106,9,0
303,107,10,0
303,108,11,0
303,109,12,0
303,110,13,0
303,111,14,0
303,112,15,0
303,113,16,0
303,114,17,0
303,17,18,0
303,115,19,0
303,116,20,0
303,117,21,0
303,118,22,0
303,119,23,0
303,120,24,0
303,121,25,0
303,122,26,0
303,123,27,0
303,124,28,0
303,125,29,0
303,126,30,0
303,127,31,0
303,59,32,0
303,1,33,1
304,1,1,0
304,2,2,0
304,128,3,0
304,129,4,0
304,130,5,0
304,131,6,0
304,132,7,0
304,133,8,0
304,134,9,0
304,18,10,0
304,51,11,0
304,93,12,0
304,135,13,0
304,136,14,0
304,137,15,0
304,138,16,0
304,139,17,0
304,98,18,1
400,140,1,0
400,141,2,0
400,142,3,0
400,143,4,0
400,144,5,0
400,145,6,0
400,146,7,0
400,147,8,0
400,148,9,0
400,152,10,0
400,153,11,0
400,154,12,0
400,155,13,0
400,156,14,0
400,157,15,0
400,158,16,0
400,92,17,0
400,51,18,0
400,149,19,0
400,150,20,0
400,151,21,1
501,152,1,0
501,159,2,0
501,160,3,0
501,161,4,0
501,162,5,0
501,163,6,0
501,164,7,0
501,165,8,0
501,166,9,0
501,167,10,0
501,59,11,0
501,1,12,0
501,168,13,0
501,169,14,0
501,170,15,0
501,171,16,0
501,172,17,0
501,173,18,0
501,174,19,0
501,175,20,0
501,176,21,0
501,177,22,0
501,178,23,0
501,179,24,1
502,179,1,0
502,180,2,0
502,181,3,0
502,182,4,0
502,183,5,0
502,184,6,0
502,185,7,0
502,186,8,0
502,187,9,0
502,188,10,0
502,59,11,0
502,1,12,0
502,189,13,0
502,190,14,0
502,191,15,0
502,192,16,0
502,193,17,0
502,194,18,0
502,195,19,0
502,196,20,0
502,152,21,1
603,197,1,0
603,198,2,0
603,199,3,0
603,200,4,0
603,201,5,0
603,202,6,0
603,203,7,0
603,204,8,0
603,205,9,0
603,206,10,0
603,207,11,0
603,208,12,0
603,209,13,0
603,104,14,0
603,210,15,0
603,211,16,0
603,212,17,0
603,213,18,0
603,214,19,0
603,215,20,0
603,216,21,0
603,217,22,0
603,218,23,0
603,152,24,1
604,152,1,0
604,219,2,0
604,220,3,0
604,221,4,0
604,222,5,0
604,223,6,0
604,224,7,0
604,225,8,0
604,226,9,0
604,227,10,0
604,228,11,0
604,229,12,0
604,230,13,0
604,231,14,0
604,232,15,0
604,233,16,0
604,234,17,0
604,235,18,0
604,236,19,0
604,237,20,0
604,238,21,0
604,197,22,1
700,104,1,0
700,239,2,0
700,240,3,0
700,241,4,0
700,242,5,0
700,243,6,0
700,244,7,0
700,245,8,0
700,246,9,0
700,247,10,0
700,248,11,0
700,249,12,0
700,250,13,0
700,251,14,0
700,252,15,0
700,253,16,0
700,254,17,0
700,255,18,0
700,256,19,0
700,257,20,0
700,258,21,0
700,259,22,0
700,260,23,0
700,261,24,0
700,262,25,0
700,30,26,0
700,263,27,0
700,264,28,0
700,265,29,0
700,266,30,0
700,267,31,0
700,268,32,0
700,269,33,0
700,270,34,0
700,271,35,0
700,272,36,0
700,273,37,0
700,274,38,0
700,275,39,0
700,276,40,1
803,277,1,0
803,278,2,0
803,279,3,0
803,280,4,0
803,281,5,0
803,282,6,0
803,283,7,0
803,284,8,0
803,285,9,0
803,286,10,1
804,286,1,0
804,278,2,0
804,279,3,0
804,280,4,0
804,281,5,0
804,282,6,0
804,283,7,0
804,284,8,0
804,285,9,0
804,277,10,1
903,103,1,0
903,104,2,0
903,105,3,0
903,106,4,0
903,107,5,0
903,108,6,0
903,109,7,0
903,110,8,0
903,111,9,0
903,112,10,0
903,113,11,0
903,114,12,0
903,17,13,0
903,115,14,0
903,116,15,0
903,117,16,0
903,118,17,0
903,119,18,0
903,120,19,0
903,121,20,0
903,122,21,0
903,123,22,0
903,124,23,0
903,125,24,0
903,126,25,0
903,127,26,0
903,183,27,0
903,184,28,0
903,185,29,0
903,186,30,0
903,187,31,0
903,188,32,0
903,59,33,0
903,1,34,1
904,175,1,0
904,176,2,0
904,177,3,0
904,178,4,0
904,179,5,0
904,180,6,0
904,181,7,0
904,182,8,0
904,183,9,0
904,184,10,0
904,185,11,0
904,186,12,0
904,1,13,0
904,132,14,0
904,133,15,0
904,134,16,0
904,18,17,0
904,51,18,0
904,19,19,0
904,20,20,0
904,21,21,0
904,22,22,0
904,23,23,0
904,98,24,0
904,99,25,0
904,100,26,0
904,101,27,0
904,102,28,0
904,103,29,1
