100,'881',643,,1,22,,,0,80,,2,22,,,0,80,,3,22,,,0,40,,4,22,,,0,80,,5,22,,,0,80,,6,22,,,0,120,,7,22,,,0,120,,8,22,,,0,160,,9,22,,,0,120,,10,22,,,0,80,,11,22,,,0,40,,12,22,,,0,80,,13,22,,,0,80,,14,22,,,0,40,,15,22,,,0,80,,16,22,,,0,120,,17,22,,,0
100,'882',643,,18,22,,,0,80,,19,22,,,0,80,,20,22,,,0,40,,21,22,,,0,80,,22,22,,,0,80,,23,22,,,0,120,,24,22,,,0,120,,25,22,,,0,160,,26,22,,,0,120,,27,22,,,0,80,,28,22,,,0,40,,29,22,,,0,80,,30,22,,,0,80,,31,22,,,0,40,,32,22,,,0,80,,33,22,,,0,120,,34,22,,,0
100,'883',843,,35,22,,,0,160,,36,22,,,0,120,,37,22,,,0,120,,38,22,,,0,160,,39,22,,,0,120,,40,22,,,0,120,,41,22,,,0,160,,42,22,,,0,120,,43,22,,,0,120,,44,22,,,0
100,'884',843,,45,22,,,0,160,,46,22,,,0,120,,47,22,,,0,120,,48,22,,,0,160,,49,22,,,0,120,,50,22,,,0,120,,51,22,,,0,160,,52,22,,,0
301,'881',606,,290,6,,,0,40,,291,6,,,0,80,,292,6,,,0,80,,293,6,,,0,40,,294,6,,,0,80,,295,6,,,0,80,,296,6,,,0,40,,297,6,,,0,80,,298,6,,,0,80,,299,6,,,0,40,,300,6,,,0,80,,301,6,,,0,80,,302,6,,,0,40,,303,6,,,0,80,,304,6,,,0,80,,305,6,,,0,40,,306,6,,,0,80,,307,6,,,0,80,,308,6,,,0,40,,309,6,,,0,80,,310,6,,,0,80,,311,6,,,0,40,,312,6,,,0
301,'882',606,,313,6,,,0,40,,314,6,,,0,80,,315,6,,,0,80,,316,6,,,0,40,,317,6,,,0,80,,318,6,,,0,80,,319,6,,,0,40,,320,6,,,0,80,,321,6,,,0,80,,322,6,,,0,40,,323,6,,,0,80,,324,6,,,0,80,,325,6,,,0,40,,326,6,,,0,80,,327,6,,,0,80,,328,6,,,0,40,,329,6,,,0,80,,330,6,,,0,80,,331,6,,,0,40,,332,6,,,0,80,,333,6,,,0,80,,334,6,,,0,40,,335,6,,,0
301,'883',806,,336,6,,,0,40,,337,6,,,0,80,,338,6,,,0,80,,339,6,,,0,40,,340,6,,,0,80,,341,6,,,0,80,,342,6,,,0,40,,343,6,,,0,80,,344,6,,,0,80,,345,6,,,0,40,,346,6,,,0,80,,347,6,,,0,80,,348,6,,,0,40,,349,6,,,0,80,,350,6,,,0,80,,351,6,,,0,40,,352,6,,,0,80,,353,6,,,0,80,,354,6,,,0,40,,355,6,,,0
301,'884',806,,356,6,,,0,40,,357,6,,,0,80,,358,6,,,0,80,,359,6,,,0,40,,360,6,,,0,80,,361,6,,,0,80,,362,6,,,0,40,,363,6,,,0,80,,364,6,,,0,80,,365,6,,,0,40,,366,6,,,0,80,,367,6,,,0,80,,368,6,,,0,40,,369,6,,,0,80,,370,6,,,0
401,'881',606,,423,6,,,0,40,,424,6,,,0,80,,425,6,,,0,80,,426,6,,,0,40,,427,6,,,0,80,,428,6,,,0,120,,429,6,,,0,160,,430,6,,,0,120,,431,6,,,0,120,,432,6,,,0,80,,433,6,,,0,80,,434,6,,,0,40,,435,6,,,0,80,,436,6,,,0,80,,437,6,,,0,40,,438,6,,,0,160,,439,6,,,0
401,'882',606,,440,6,,,0,40,,441,6,,,0,80,,442,6,,,0,80,,443,6,,,0,40,,444,6,,,0,80,,445,6,,,0,120,,446,6,,,0,160,,447,6,,,0,120,,448,6,,,0,120,,449,6,,,0,80,,450,6,,,0,80,,451,6,,,0,40,,452,6,,,0,80,,453,6,,,0,80,,454,6,,,0,40,,455,6,,,0,160,,456,6,,,0
401,'883',806,,457,6,,,0,120,,458,6,,,0,120,,459,6,,,0,160,,460,6,,,0,120,,461,6,,,0,120,,462,6,,,0,160,,463,6,,,0,120,,464,6,,,0,120,,465,6,,,0,160,,466,6,,,0
401,'884',806,,467,6,,,0,120,,468,6,,,0,120,,469,6,,,0,160,,470,6,,,0,120,,471,6,,,0,120,,472,6,,,0,160,,473,6,,,0,120,,474,6,,,0
