100,'881',617,,1,1,,,0,40,,2,1,,,0,80,,3,1,,,0,80,,4,1,,,0,40,,5,1,,,0,80,,6,1,,,0,120,,7,1,,,0,160,,8,1,,,0,120,,9,1,,,0,120,,10,1,,,0,80,,11,1,,,0,80,,12,1,,,0,40,,13,1,,,0,80,,14,1,,,0,80,,15,1,,,0,40,,16,1,,,0,160,,17,1,,,0
100,'882',617,,18,1,,,0,40,,19,1,,,0,80,,20,1,,,0,80,,21,1,,,0,40,,22,1,,,0,80,,23,1,,,0,120,,24,1,,,0,160,,25,1,,,0,120,,26,1,,,0,120,,27,1,,,0,80,,28,1,,,0,80,,29,1,,,0,40,,30,1,,,0,80,,31,1,,,0,80,,32,1,,,0,40,,33,1,,,0,160,,34,1,,,0
100,'883',817,,35,1,,,0,120,,36,1,,,0,120,,37,1,,,0,160,,38,1,,,0,120,,39,1,,,0,120,,40,1,,,0,160,,41,1,,,0,120,,42,1,,,0,120,,43,1,,,0,160,,44,1,,,0
100,'884',817,,45,1,,,0,120,,46,1,,,0,120,,47,1,,,0,160,,48,1,,,0,120,,49,1,,,0,120,,50,1,,,0,160,,51,1,,,0,120,,52,1,,,0
101,'881',617,,53,12,4,,0,40,,54,12,4,,0,80,,55,12,4,,0,80,,56,12,4,,0,40,,57,12,4,,0,80,,58,12,4,,0,120,,59,12,4,,0,160,,60,12,4,,0,120,,61,12,4,,0,120,,62,12,4,,0,80,,63,12,4,,0,80,,64,12,4,,0,40,,65,12,4,,0,80,,66,12,4,,0,80,,67,12,4,,0,40,,68,12,4,,0,160,,69,12,4,,0
101,'882',617,,70,12,4,,0,40,,71,12,4,,0,80,,72,12,4,,0,80,,73,12,4,,0,40,,74,12,4,,0,80,,75,12,4,,0,120,,76,12,4,,0,160,,77,12,4,,0,120,,78,12,4,,0,120,,79,12,4,,0,80,,80,12,4,,0,80,,81,12,4,,0,40,,82,12,4,,0,80,,83,12,4,,0,80,,84,12,4,,0,40,,85,12,4,,0,160,,86,12,4,,0
101,'883',817,,87,12,4,,0,120,,88,12,4,,0,120,,89,12,4,,0,160,,90,12,4,,0,120,,91,12,4,,0,120,,92,12,4,,0,160,,93,12,4,,0,120,,94,12,4,,0,120,,95,12,4,,0,160,,96,12,4,,0
101,'884',817,,97,12,4,,0,120,,98,12,4,,0,120,,99,12,4,,0,160,,100,12,4,,0,120,,101,12,4,,0,120,,102,12,4,,0,160,,103,12,4,,0,120,,104,12,4,,0
200,'881',617,,105,1,,,0,40,,106,1,,,0,80,,107,1,,,0,80,,108,1,,,0,40,,109,1,,,0,80,,110,1,,,0,120,,111,1,,,0,160,,112,1,,,0,120,,113,1,,,0,120,,114,1,,,0,80,,115,1,,,0,80,,116,1,,,0,40,,117,1,,,0,80,,118,1,,,0,80,,119,1,,,0,40,,120,1,,,0,160,,121,1,,,0
200,'882',617,,122,1,,,0,40,,123,1,,,0,80,,124,1,,,0,80,,125,1,,,0,40,,126,1,,,0,80,,127,1,,,0,120,,128,1,,,0,160,,129,1,,,0,120,,130,1,,,0,120,,131,1,,,0,80,,132,1,,,0,80,,133,1,,,0,40,,134,1,,,0,80,,135,1,,,0,80,,136,1,,,0,40,,137,1,,,0,160,,138,1,,,0
200,'883',817,,139,1,,,0,120,,140,1,,,0,120,,141,1,,,0,160,,142,1,,,0,120,,143,1,,,0,120,,144,1,,,0,160,,145,1,,,0,120,,146,1,,,0,120,,147,1,,,0,160,,148,1,,,0
200,'884',817,,149,1,,,0,120,,150,1,,,0,120,,151,1,,,0,160,,152,1,,,0,120,,153,1,,,0,120,,154,1,,,0,160,,155,1,,,0,120,,156,1,,,0
201,'881',617,,157,9,4,,0,40,,158,17,4,,0,80,,159,17,4,,0,80,,160,17,4,,0,40,,161,17,4,,0,80,,162,17,4,,0,120,,163,17,4,,0,160,,164,17,4,,0,120,,165,17,4,,0,120,,166,17,4,,0,80,,167,17,4,,0,80,,168,17,4,,0,40,,169,17,4,,0,80,,170,17,4,,0,80,,171,17,4,,0,40,,172,17,4,,0,160,,173,17,4,,0
201,'882',617,,174,9,4,,0,40,,175,17,4,,0,80,,176,17,4,,0,80,,177,17,4,,0,40,,178,17,4,,0,80,,179,17,4,,0,120,,180,17,4,,0,160,,181,17,4,,0,120,,182,17,4,,0,120,,183,17,4,,0,80,,184,17,4,,0,80,,185,17,4,,0,40,,186,17,4,,0,80,,187,17,4,,0,80,,188,17,4,,0,40,,189,17,4,,0,160,,190,17,4,,0
201,'883',817,,191,17,4,,0,120,,192,17,4,,0,120,,193,17,4,,0,160,,194,17,4,,0,120,,195,17,4,,0,120,,196,17,4,,0,160,,197,17,4,,0,120,,198,17,4,,0,120,,199,17,4,,0,160,,200,17,4,,0
201,'884',817,,201,17,4,,0,120,,202,17,4,,0,120,,203,17,4,,0,160,,204,17,4,,0,120,,205,17,4,,0,120,,206,17,4,,0,160,,207,17,4,,0,120,,208,17,4,,0
500,'881',617,,475,1,,,0,40,,476,1,,,0,80,,477,1,,,0,80,,478,1,,,0,40,,479,1,,,0,160,,480,1,,,0,120,,481,1,,,0,120,,482,1,,,0,160,,483,1,,,0,40,,484,1,,,0,80,,485,1,,,0,80,,486,1,,,0,40,,487,1,,,0,80,,488,1,,,0,80,,489,1,,,0,120,,490,1,,,0,120,,491,1,,,0
500,'882',617,,492,1,,,0,40,,493,1,,,0,80,,494,1,,,0,80,,495,1,,,0,40,,496,1,,,0,160,,497,1,,,0,120,,498,1,,,0,120,,499,1,,,0,160,,500,1,,,0,40,,501,1,,,0,80,,502,1,,,0,80,,503,1,,,0,40,,504,1,,,0,80,,505,1,,,0,80,,506,1,,,0,120,,507,1,,,0,120,,508,1,,,0
500,'883',737,,509,1,,,0,120,,510,1,,,0,160,,511,1,,,0,120,,512,1,,,0,120,,513,1,,,0,160,,514,1,,,0,120,,515,1,,,0,120,,516,1,,,0,160,,517,1,,,0,120,,518,1,,,0
500,'884',737,,519,1,,,0,120,,520,1,,,0,160,,521,1,,,0,120,,522,1,,,0,120,,523,1,,,0,160,,524,1,,,0,120,,525,1,,,0,120,,526,1,,,0,160,,527,1,,,0
501,'881',617,,528,20,4,,0,40,,529,20,4,,0,80,,530,20,4,,0,80,,531,20,4,,0,40,,532,20,4,,0,160,,533,20,4,,0,120,,534,20,4,,0,120,,535,20,4,,0,160,,536,20,4,,0,40,,537,20,4,,0,80,,538,20,4,,0,80,,539,20,4,,0,40,,540,20,4,,0,80,,541,20,4,,0,80,,542,20,4,,0,120,,543,20,4,,0,120,,544,20,4,,0
501,'882',617,,545,20,4,,0,40,,546,20,4,,0,80,,547,20,4,,0,80,,548,20,4,,0,40,,549,20,4,,0,160,,550,20,4,,0,120,,551,20,4,,0,120,,552,20,4,,0,160,,553,20,4,,0,40,,554,20,4,,0,80,,555,20,4,,0,80,,556,20,4,,0,40,,557,20,4,,0,80,,558,20,4,,0,80,,559,20,4,,0,120,,560,20,4,,0,120,,561,20,4,,0
501,'883',737,,562,2,4,,0,120,,563,20,4,,0,160,,564,20,4,,0,120,,565,20,4,,0,120,,566,20,4,,0,160,,567,20,4,,0,120,,568,20,4,,0,120,,569,20,4,,0,160,,570,20,4,,0,120,,571,20,4,,0
501,'884',737,,572,2,4,,0,120,,573,20,4,,0,160,,574,20,4,,0,120,,575,20,4,,0,120,,576,20,4,,0,160,,577,20,4,,0,120,,578,20,4,,0,120,,579,20,4,,0,160,,580,20,4,,0
