400,'881',620,,371,9,,,0,80,,372,9,,,0,40,,373,9,,,0,80,,374,9,,,0,80,,375,9,,,0,40,,376,9,,,0,160,,377,9,,,0,120,,378,9,,,0,120,,379,9,,,0,160,,380,9,,,0,40,,381,9,,,0,80,,382,9,,,0,80,,383,9,,,0,40,,384,9,,,0,80,,385,9,,,0,80,,386,9,,,0,120,,387,9,,,0
400,'882',620,,388,9,,,0,80,,389,9,,,0,40,,390,9,,,0,80,,391,9,,,0,80,,392,9,,,0,40,,393,9,,,0,160,,394,9,,,0,120,,395,9,,,0,120,,396,9,,,0,160,,397,9,,,0,40,,398,9,,,0,80,,399,9,,,0,80,,400,9,,,0,40,,401,9,,,0,80,,402,9,,,0,80,,403,9,,,0,120,,404,9,,,0
400,'883',820,,405,9,,,0,120,,406,9,,,0,160,,407,9,,,0,120,,408,9,,,0,120,,409,9,,,0,160,,410,9,,,0,120,,411,9,,,0,120,,412,9,,,0,160,,413,9,,,0,120,,414,9,,,0
400,'884',820,,415,9,,,0,120,,416,9,,,0,160,,417,9,,,0,120,,418,9,,,0,120,,419,9,,,0,160,,420,9,,,0,120,,421,9,,,0,120,,422,9,,,0
601,'881',608,,634,6,,,0,40,,635,6,,,0,80,,636,6,,,0,80,,637,6,,,0,40,,638,6,,,0,160,,639,6,,,0,120,,640,6,,,0,120,,641,6,,,0,160,,642,6,,,0,40,,643,6,,,0,80,,644,6,,,0,80,,645,6,,,0,40,,646,6,,,0,80,,647,6,,,0,80,,648,6,,,0,120,,649,6,,,0,120,,650,6,,,0
601,'882',608,,651,6,,,0,40,,652,6,,,0,80,,653,6,,,0,80,,654,6,,,0,40,,655,6,,,0,160,,656,6,,,0,120,,657,6,,,0,120,,658,6,,,0,160,,659,6,,,0,40,,660,6,,,0,80,,661,6,,,0,80,,662,6,,,0,40,,663,6,,,0,80,,664,6,,,0,80,,665,6,,,0,120,,666,6,,,0,120,,667,6,,,0
601,'883',848,,668,6,,,0,160,,669,6,,,0,120,,670,6,,,0,120,,671,6,,,0,160,,672,6,,,0,120,,673,6,,,0,120,,674,6,,,0,160,,675,6,,,0,120,,676,6,,,0
601,'884',848,,677,6,,,0,160,,678,6,,,0,120,,679,6,,,0,120,,680,6,,,0,160,,681,6,,,0,120,,682,6,,,0,120,,683,6,,,0,160,,684,6,,,0
700,'881',620,,685,5,,,0,80,,686,5,,,0,40,,687,5,,,0,80,,688,5,,,0,80,,689,5,,,0,120,,690,5,,,0,120,,691,5,,,0,160,,692,5,,,0,120,,693,5,,,0,80,,694,5,,,0,40,,695,5,,,0,80,,696,5,,,0,80,,697,5,,,0,40,,698,5,,,0,80,,699,5,,,0,120,,700,5,,,0,160,,701,5,,,0
700,'882',620,,702,5,,,0,80,,703,5,,,0,40,,704,5,,,0,80,,705,5,,,0,80,,706,5,,,0,120,,707,5,,,0,120,,708,5,,,0,160,,709,5,,,0,120,,710,5,,,0,80,,711,5,,,0,40,,712,5,,,0,80,,713,5,,,0,80,,714,5,,,0,40,,715,5,,,0,80,,716,5,,,0,120,,717,5,,,0,160,,718,5,,,0
700,'883',740,,719,5,,,0,160,,720,5,,,0,120,,721,5,,,0,120,,722,5,,,0,160,,723,5,,,0,120,,724,5,,,0,120,,725,5,,,0,160,,726,5,,,0,120,,727,5,,,0,120,,728,5,,,0
700,'884',740,,729,5,,,0,160,,730,5,,,0,120,,731,5,,,0,120,,732,5,,,0,160,,733,5,,,0,120,,734,5,,,0,120,,735,5,,,0,160,,736,5,,,0
800,'881',615,,789,1,,,0,40,,790,1,,,0,80,,791,1,,,0,80,,792,1,,,0,40,,793,1,,,0,80,,794,1,,,0,120,,795,1,,,0,160,,796,1,,,0,120,,797,1,,,0,120,,798,1,,,0,80,,799,1,,,0,80,,800,1,,,0,40,,801,1,,,0,80,,802,1,,,0,80,,803,1,,,0,40,,804,1,,,0,160,,805,1,,,0
800,'882',615,,806,1,,,0,40,,807,1,,,0,80,,808,1,,,0,80,,809,1,,,0,40,,810,1,,,0,80,,811,1,,,0,120,,812,1,,,0,160,,813,1,,,0,120,,814,1,,,0,120,,815,1,,,0,80,,816,1,,,0,80,,817,1,,,0,40,,818,1,,,0,80,,819,1,,,0,80,,820,1,,,0,40,,821,1,,,0,160,,822,1,,,0
800,'883',815,,823,1,,,0,120,,824,1,,,0,120,,825,1,,,0,160,,826,1,,,0,120,,827,1,,,0,120,,828,1,,,0,160,,829,1,,,0,120,,830,1,,,0,120,,831,1,,,0,160,,832,1,,,0
800,'884',815,,833,1,,,0,120,,834,1,,,0,120,,835,1,,,0,160,,836,1,,,0,120,,837,1,,,0,120,,838,1,,,0,160,,839,1,,,0,120,,840,1,,,0
801,'881',615,,841,14,4,,0,40,,842,14,4,,0,80,,843,14,4,,0,80,,844,14,4,,0,40,,845,14,4,,0,80,,846,14,4,,0,120,,847,14,4,,0,160,,848,14,4,,0,120,,849,14,4,,0,120,,850,14,4,,0,80,,851,14,4,,0,80,,852,14,4,,0,40,,853,14,4,,0,80,,854,14,4,,0,80,,855,14,4,,0,40,,856,14,4,,0,160,,857,14,4,,0
801,'882',615,,858,14,4,,0,40,,859,14,4,,0,80,,860,14,4,,0,80,,861,14,4,,0,40,,862,14,4,,0,80,,863,14,4,,0,120,,864,14,4,,0,160,,865,14,4,,0,120,,866,14,4,,0,120,,867,14,4,,0,80,,868,14,4,,0,80,,869,14,4,,0,40,,870,14,4,,0,80,,871,14,4,,0,80,,872,14,4,,0,40,,873,14,4,,0,160,,874,14,4,,0
801,'883',815,,875,14,4,,0,120,,876,14,4,,0,120,,877,14,4,,0,160,,878,14,4,,0,120,,879,14,4,,0,120,,880,14,4,,0,160,,881,14,4,,0,120,,882,14,4,,0,120,,883,14,4,,0,160,,884,14,4,,0
801,'884',815,,885,14,4,,0,120,,886,14,4,,0,120,,887,14,4,,0,160,,888,14,4,,0,120,,889,14,4,,0,120,,890,14,4,,0,160,,891,14,4,,0,120,,892,14,4,,0
