100,'881',650,,1,26,4,,0,80,,2,26,4,,0,80,,3,26,4,,0,40,,4,26,4,,0,80,,5,26,4,,0,80,,6,26,4,,0,120,,7,26,4,,0,120,,8,26,4,,0,160,,9,26,4,,0,120,,10,26,4,,0,80,,11,26,4,,0,40,,12,26,4,,0,80,,13,26,4,,0,80,,14,26,4,,0,40,,15,26,4,,0,80,,16,26,4,,0,120,,17,26,4,,0
100,'882',650,,18,26,4,,0,80,,19,26,4,,0,80,,20,26,4,,0,40,,21,26,4,,0,80,,22,26,4,,0,80,,23,26,4,,0,120,,24,26,4,,0,120,,25,26,4,,0,160,,26,26,4,,0,120,,27,26,4,,0,80,,28,26,4,,0,40,,29,26,4,,0,80,,30,26,4,,0,80,,31,26,4,,0,40,,32,26,4,,0,80,,33,26,4,,0,120,,34,26,4,,0
100,'883',850,,35,26,4,,0,160,,36,26,4,,0,120,,37,26,4,,0,120,,38,26,4,,0,160,,39,26,4,,0,120,,40,26,4,,0,120,,41,26,4,,0,160,,42,26,4,,0,120,,43,26,4,,0,120,,44,26,4,,0
100,'884',850,,45,26,4,,0,160,,46,26,4,,0,120,,47,26,4,,0,120,,48,26,4,,0,160,,49,26,4,,0,120,,50,26,4,,0,120,,51,26,4,,0,160,,52,26,4,,0
101,'881',600,,53,1,,,0,40,,54,1,,,0,80,,55,1,,,0,80,,56,1,,,0,40,,57,1,,,0,80,,58,1,,,0,120,,59,1,,,0,160,,60,1,,,0,120,,61,1,,,0,120,,62,1,,,0,80,,63,1,,,0,80,,64,1,,,0,40,,65,1,,,0,80,,66,1,,,0,80,,67,1,,,0,40,,68,1,,,0,160,,69,1,,,0
101,'882',600,,70,1,,,0,40,,71,1,,,0,80,,72,1,,,0,80,,73,1,,,0,40,,74,1,,,0,80,,75,1,,,0,120,,76,1,,,0,160,,77,1,,,0,120,,78,1,,,0,120,,79,1,,,0,80,,80,1,,,0,80,,81,1,,,0,40,,82,1,,,0,80,,83,1,,,0,80,,84,1,,,0,40,,85,1,,,0,160,,86,1,,,0
101,'883',800,,87,1,,,0,120,,88,1,,,0,120,,89,1,,,0,160,,90,1,,,0,120,,91,1,,,0,120,,92,1,,,0,160,,93,1,,,0,120,,94,1,,,0,120,,95,1,,,0,160,,96,1,,,0
101,'884',800,,97,1,,,0,120,,98,1,,,0,120,,99,1,,,0,160,,100,1,,,0,120,,101,1,,,0,120,,102,1,,,0,160,,103,1,,,0,120,,104,1,,,0
200,'881',635,,105,18,4,,0,80,,106,18,4,,0,40,,107,18,4,,0,80,,108,18,4,,0,80,,109,18,4,,0,40,,110,18,4,,0,160,,111,18,4,,0,120,,112,18,4,,0,120,,113,18,4,,0,160,,114,18,4,,0,40,,115,18,4,,0,80,,116,18,4,,0,80,,117,18,4,,0,40,,118,18,4,,0,80,,119,18,4,,0,80,,120,18,4,,0,120,,121,18,4,,0
200,'882',635,,122,18,4,,0,80,,123,18,4,,0,40,,124,18,4,,0,80,,125,18,4,,0,80,,126,18,4,,0,40,,127,18,4,,0,160,,128,18,4,,0,120,,129,18,4,,0,120,,130,18,4,,0,160,,131,18,4,,0,40,,132,18,4,,0,80,,133,18,4,,0,80,,134,18,4,,0,40,,135,18,4,,0,80,,136,18,4,,0,80,,137,18,4,,0,120,,138,18,4,,0
200,'883',835,,139,18,4,,0,120,,140,18,4,,0,160,,141,18,4,,0,120,,142,18,4,,0,120,,143,18,4,,0,160,,144,18,4,,0,120,,145,18,4,,0,120,,146,18,4,,0,160,,147,18,4,,0,120,,148,18,4,,0
200,'884',835,,149,18,4,,0,120,,150,18,4,,0,160,,151,18,4,,0,120,,152,18,4,,0,120,,153,18,4,,0,160,,154,18,4,,0,120,,155,18,4,,0,120,,156,18,4,,0
201,'881',640,,158,1,,,0,80,,159,1,,,0,80,,160,1,,,0,40,,161,1,,,0,80,,162,1,,,0,120,,163,1,,,0,160,,164,1,,,0,120,,165,1,,,0,120,,166,1,,,0,80,,167,1,,,0,80,,168,1,,,0,40,,169,1,,,0,80,,170,1,,,0,80,,171,1,,,0,40,,172,1,,,0,160,,173,1,,,0
201,'882',640,,175,1,,,0,80,,176,1,,,0,80,,177,1,,,0,40,,178,1,,,0,80,,179,1,,,0,120,,180,1,,,0,160,,181,1,,,0,120,,182,1,,,0,120,,183,1,,,0,80,,184,1,,,0,80,,185,1,,,0,40,,186,1,,,0,80,,187,1,,,0,80,,188,1,,,0,40,,189,1,,,0,160,,190,1,,,0
201,'883',800,,191,1,,,0,120,,192,1,,,0,120,,193,1,,,0,160,,194,1,,,0,120,,195,1,,,0,120,,196,1,,,0,160,,197,1,,,0,120,,198,1,,,0,120,,199,1,,,0,160,,200,1,,,0
201,'884',800,,201,1,,,0,120,,202,1,,,0,120,,203,1,,,0,160,,204,1,,,0,120,,205,1,,,0,120,,206,1,,,0,160,,207,1,,,0,120,,208,1,,,0
300,'881',635,,209,14,4,,0,80,,210,14,4,,0,40,,211,14,4,,0,80,,212,14,4,,0,80,,213,14,4,,0,40,,214,14,4,,0,80,,215,14,4,,0,80,,216,14,4,,0,40,,217,14,4,,0,80,,218,14,4,,0,80,,219,14,4,,0,40,,220,14,4,,0,80,,221,14,4,,0,80,,222,14,4,,0,40,,223,14,4,,0,80,,224,14,4,,0,80,,225,14,4,,0,40,,226,14,4,,0,80,,227,14,4,,0,80,,228,14,4,,0,40,,229,14,4,,0,80,,230,14,4,,0,80,,231,14,4,,0
300,'882',635,,232,14,4,,0,80,,233,14,4,,0,40,,234,14,4,,0,80,,235,14,4,,0,80,,236,14,4,,0,40,,237,14,4,,0,80,,238,14,4,,0,80,,239,14,4,,0,40,,240,14,4,,0,80,,241,14,4,,0,80,,242,14,4,,0,40,,243,14,4,,0,80,,244,14,4,,0,80,,245,14,4,,0,40,,246,14,4,,0,80,,247,14,4,,0,80,,248,14,4,,0,40,,249,14,4,,0,80,,250,14,4,,0,80,,251,14,4,,0,40,,252,14,4,,0,80,,253,14,4,,0,80,,254,14,4,,0
300,'883',835,,255,14,4,,0,80,,256,14,4,,0,40,,257,14,4,,0,80,,258,14,4,,0,80,,259,14,4,,0,40,,260,14,4,,0,80,,261,14,4,,0,80,,262,14,4,,0,40,,263,14,4,,0,80,,264,14,4,,0,80,,265,14,4,,0,40,,266,14,4,,0,80,,267,14,4,,0,80,,268,14,4,,0,40,,269,14,4,,0,80,,270,14,4,,0,80,,271,14,4,,0,40,,272,14,4,,0,80,,273,14,4,,0,80,,274,14,4,,0
300,'884',835,,275,14,4,,0,80,,276,14,4,,0,40,,277,14,4,,0,80,,278,14,4,,0,80,,279,14,4,,0,40,,280,14,4,,0,80,,281,14,4,,0,80,,282,14,4,,0,40,,283,14,4,,0,80,,284,14,4,,0,80,,285,14,4,,0,40,,286,14,4,,0,80,,287,14,4,,0,80,,288,14,4,,0,40,,289,14,4,,0
301,'881',600,,290,1,,,0,40,,291,1,,,0,80,,292,1,,,0,80,,293,1,,,0,40,,294,1,,,0,80,,295,1,,,0,80,,296,1,,,0,40,,297,1,,,0,80,,298,1,,,0,80,,299,1,,,0,40,,300,1,,,0,80,,301,1,,,0,80,,302,1,,,0,40,,303,1,,,0,80,,304,1,,,0,80,,305,1,,,0,40,,306,1,,,0,80,,307,1,,,0,80,,308,1,,,0,40,,309,1,,,0,80,,310,1,,,0,80,,311,1,,,0,40,,312,1,,,0
301,'882',600,,313,1,,,0,40,,314,1,,,0,80,,315,1,,,0,80,,316,1,,,0,40,,317,1,,,0,80,,318,1,,,0,80,,319,1,,,0,40,,320,1,,,0,80,,321,1,,,0,80,,322,1,,,0,40,,323,1,,,0,80,,324,1,,,0,80,,325,1,,,0,40,,326,1,,,0,80,,327,1,,,0,80,,328,1,,,0,40,,329,1,,,0,80,,330,1,,,0,80,,331,1,,,0,40,,332,1,,,0,80,,333,1,,,0,80,,334,1,,,0,40,,335,1,,,0
301,'883',800,,336,1,,,0,40,,337,1,,,0,80,,338,1,,,0,80,,339,1,,,0,40,,340,1,,,0,80,,341,1,,,0,80,,342,1,,,0,40,,343,1,,,0,80,,344,1,,,0,80,,345,1,,,0,40,,346,1,,,0,80,,347,1,,,0,80,,348,1,,,0,40,,349,1,,,0,80,,350,1,,,0,80,,351,1,,,0,40,,352,1,,,0,80,,353,1,,,0,80,,354,1,,,0,40,,355,1,,,0
301,'884',800,,356,1,,,0,40,,357,1,,,0,80,,358,1,,,0,80,,359,1,,,0,40,,360,1,,,0,80,,361,1,,,0,80,,362,1,,,0,40,,363,1,,,0,80,,364,1,,,0,80,,365,1,,,0,40,,366,1,,,0,80,,367,1,,,0,80,,368,1,,,0,40,,369,1,,,0,80,,370,1,,,0
400,'881',635,,371,14,4,,0,80,,372,14,4,,0,40,,373,14,4,,0,80,,374,14,4,,0,80,,375,14,4,,0,40,,376,14,4,,0,160,,377,14,4,,0,120,,378,14,4,,0,120,,379,14,4,,0,160,,380,14,4,,0,40,,381,14,4,,0,80,,382,14,4,,0,80,,383,14,4,,0,40,,384,14,4,,0,80,,385,14,4,,0,80,,386,14,4,,0,120,,387,14,4,,0
400,'882',635,,388,14,4,,0,80,,389,14,4,,0,40,,390,14,4,,0,80,,391,14,4,,0,80,,392,14,4,,0,40,,393,14,4,,0,160,,394,14,4,,0,120,,395,14,4,,0,120,,396,14,4,,0,160,,397,14,4,,0,40,,398,14,4,,0,80,,399,14,4,,0,80,,400,14,4,,0,40,,401,14,4,,0,80,,402,14,4,,0,80,,403,14,4,,0,120,,404,14,4,,0
400,'883',835,,405,14,4,,0,120,,406,14,4,,0,160,,407,14,4,,0,120,,408,14,4,,0,120,,409,14,4,,0,160,,410,14,4,,0,120,,411,14,4,,0,120,,412,14,4,,0,160,,413,14,4,,0,120,,414,14,4,,0
400,'884',835,,415,14,4,,0,120,,416,14,4,,0,160,,417,14,4,,0,120,,418,14,4,,0,120,,419,14,4,,0,160,,420,14,4,,0,120,,421,14,4,,0,120,,422,14,4,,0
401,'881',600,,423,1,,,0,40,,424,1,,,0,80,,425,1,,,0,80,,426,1,,,0,40,,427,1,,,0,80,,428,1,,,0,120,,429,1,,,0,160,,430,1,,,0,120,,431,1,,,0,120,,432,1,,,0,80,,433,1,,,0,80,,434,1,,,0,40,,435,1,,,0,80,,436,1,,,0,80,,437,1,,,0,40,,438,1,,,0,160,,439,1,,,0
401,'882',600,,440,1,,,0,40,,441,1,,,0,80,,442,1,,,0,80,,443,1,,,0,40,,444,1,,,0,80,,445,1,,,0,120,,446,1,,,0,160,,447,1,,,0,120,,448,1,,,0,120,,449,1,,,0,80,,450,1,,,0,80,,451,1,,,0,40,,452,1,,,0,80,,453,1,,,0,80,,454,1,,,0,40,,455,1,,,0,160,,456,1,,,0
401,'883',800,,457,1,,,0,120,,458,1,,,0,120,,459,1,,,0,160,,460,1,,,0,120,,461,1,,,0,120,,462,1,,,0,160,,463,1,,,0,120,,464,1,,,0,120,,465,1,,,0,160,,466,1,,,0
401,'884',800,,467,1,,,0,120,,468,1,,,0,120,,469,1,,,0,160,,470,1,,,0,120,,471,1,,,0,120,,472,1,,,0,160,,473,1,,,0,120,,474,1,,,0
500,'881',635,,475,11,4,,0,80,,476,11,4,,0,40,,477,11,4,,0,80,,478,11,4,,0,80,,479,11,4,,0,120,,480,11,4,,0,120,,481,11,4,,0,160,,482,11,4,,0,120,,483,11,4,,0,80,,484,11,4,,0,40,,485,11,4,,0,80,,486,11,4,,0,80,,487,11,4,,0,40,,488,11,4,,0,80,,489,11,4,,0,120,,490,11,4,,0,160,,491,11,4,,0
500,'882',635,,492,11,4,,0,80,,493,11,4,,0,40,,494,11,4,,0,80,,495,11,4,,0,80,,496,11,4,,0,120,,497,11,4,,0,120,,498,11,4,,0,160,,499,11,4,,0,120,,500,11,4,,0,80,,501,11,4,,0,40,,502,11,4,,0,80,,503,11,4,,0,80,,504,11,4,,0,40,,505,11,4,,0,80,,506,11,4,,0,120,,507,11,4,,0,160,,508,11,4,,0
500,'883',755,,509,11,4,,0,160,,510,11,4,,0,120,,511,11,4,,0,120,,512,11,4,,0,160,,513,11,4,,0,120,,514,11,4,,0,120,,515,11,4,,0,160,,516,11,4,,0,120,,517,11,4,,0,120,,518,11,4,,0
500,'884',755,,519,11,4,,0,160,,520,11,4,,0,120,,521,11,4,,0,120,,522,11,4,,0,160,,523,11,4,,0,120,,524,11,4,,0,120,,525,11,4,,0,160,,526,11,4,,0,120,,527,11,4,,0
501,'881',600,,528,1,,,0,40,,529,1,,,0,80,,530,1,,,0,80,,531,1,,,0,40,,532,1,,,0,160,,533,1,,,0,120,,534,1,,,0,120,,535,1,,,0,160,,536,1,,,0,40,,537,1,,,0,80,,538,1,,,0,80,,539,1,,,0,40,,540,1,,,0,80,,541,1,,,0,80,,542,1,,,0,120,,543,1,,,0,120,,544,1,,,0
501,'882',600,,545,1,,,0,40,,546,1,,,0,80,,547,1,,,0,80,,548,1,,,0,40,,549,1,,,0,160,,550,1,,,0,120,,551,1,,,0,120,,552,1,,,0,160,,553,1,,,0,40,,554,1,,,0,80,,555,1,,,0,80,,556,1,,,0,40,,557,1,,,0,80,,558,1,,,0,80,,559,1,,,0,120,,560,1,,,0,120,,561,1,,,0
501,'883',840,,563,1,,,0,160,,564,1,,,0,120,,565,1,,,0,120,,566,1,,,0,160,,567,1,,,0,120,,568,1,,,0,120,,569,1,,,0,160,,570,1,,,0,120,,571,1,,,0
501,'884',840,,573,1,,,0,160,,574,1,,,0,120,,575,1,,,0,120,,576,1,,,0,160,,577,1,,,0,120,,578,1,,,0,120,,579,1,,,0,160,,580,1,,,0
600,'881',635,,581,19,4,,0,80,,582,19,4,,0,40,,583,19,4,,0,80,,584,19,4,,0,80,,585,19,4,,0,120,,586,19,4,,0,120,,587,19,4,,0,160,,588,19,4,,0,120,,589,19,4,,0,80,,590,19,4,,0,40,,591,19,4,,0,80,,592,19,4,,0,80,,593,19,4,,0,40,,594,19,4,,0,80,,595,19,4,,0,120,,596,19,4,,0,160,,597,19,4,,0
600,'882',635,,598,19,4,,0,80,,599,19,4,,0,40,,600,19,4,,0,80,,601,19,4,,0,80,,602,19,4,,0,120,,603,19,4,,0,120,,604,19,4,,0,160,,605,19,4,,0,120,,606,19,4,,0,80,,607,19,4,,0,40,,608,19,4,,0,80,,609,19,4,,0,80,,610,19,4,,0,40,,611,19,4,,0,80,,612,19,4,,0,120,,613,19,4,,0,160,,614,19,4,,0
600,'883',755,,615,19,4,,0,160,,616,19,4,,0,120,,617,19,4,,0,120,,618,19,4,,0,160,,619,19,4,,0,120,,620,19,4,,0,120,,621,19,4,,0,160,,622,19,4,,0,120,,623,19,4,,0,120,,624,19,4,,0
600,'884',755,,625,19,4,,0,160,,626,19,4,,0,120,,627,19,4,,0,120,,628,19,4,,0,160,,629,19,4,,0,120,,630,19,4,,0,120,,631,19,4,,0,160,,632,19,4,,0,120,,633,19,4,,0
601,'881',600,,634,1,,,0,40,,635,1,,,0,80,,636,1,,,0,80,,637,1,,,0,40,,638,1,,,0,160,,639,1,,,0,120,,640,1,,,0,120,,641,1,,,0,160,,642,1,,,0,40,,643,1,,,0,80,,644,1,,,0,80,,645,1,,,0,40,,646,1,,,0,80,,647,1,,,0,80,,648,1,,,0,120,,649,1,,,0,120,,650,1,,,0
601,'882',600,,651,1,,,0,40,,652,1,,,0,80,,653,1,,,0,80,,654,1,,,0,40,,655,1,,,0,160,,656,1,,,0,120,,657,1,,,0,120,,658,1,,,0,160,,659,1,,,0,40,,660,1,,,0,80,,661,1,,,0,80,,662,1,,,0,40,,663,1,,,0,80,,664,1,,,0,80,,665,1,,,0,120,,666,1,,,0,120,,667,1,,,0
601,'883',840,,668,1,,,0,160,,669,1,,,0,120,,670,1,,,0,120,,671,1,,,0,160,,672,1,,,0,120,,673,1,,,0,120,,674,1,,,0,160,,675,1,,,0,120,,676,1,,,0
601,'884',840,,677,1,,,0,160,,678,1,,,0,120,,679,1,,,0,120,,680,1,,,0,160,,681,1,,,0,120,,682,1,,,0,120,,683,1,,,0,160,,684,1,,,0
700,'881',635,,685,15,4,,0,80,,686,15,4,,0,40,,687,15,4,,0,80,,688,15,4,,0,80,,689,15,4,,0,120,,690,15,4,,0,120,,691,15,4,,0,160,,692,15,4,,0,120,,693,15,4,,0,80,,694,15,4,,0,40,,695,15,4,,0,80,,696,15,4,,0,80,,697,15,4,,0,40,,698,15,4,,0,80,,699,15,4,,0,120,,700,15,4,,0,160,,701,15,4,,0
700,'882',635,,702,15,4,,0,80,,703,15,4,,0,40,,704,15,4,,0,80,,705,15,4,,0,80,,706,15,4,,0,120,,707,15,4,,0,120,,708,15,4,,0,160,,709,15,4,,0,120,,710,15,4,,0,80,,711,15,4,,0,40,,712,15,4,,0,80,,713,15,4,,0,80,,714,15,4,,0,40,,715,15,4,,0,80,,716,15,4,,0,120,,717,15,4,,0,160,,718,15,4,,0
700,'883',755,,719,15,4,,0,160,,720,15,4,,0,120,,721,15,4,,0,120,,722,15,4,,0,160,,723,15,4,,0,120,,724,15,4,,0,120,,725,15,4,,0,160,,726,15,4,,0,120,,727,15,4,,0,120,,728,15,4,,0
700,'884',755,,729,15,4,,0,160,,730,15,4,,0,120,,731,15,4,,0,120,,732,15,4,,0,160,,733,15,4,,0,120,,734,15,4,,0,120,,735,15,4,,0,160,,736,15,4,,0
701,'881',600,,737,1,,,0,40,,738,1,,,0,80,,739,1,,,0,80,,740,1,,,0,40,,741,1,,,0,160,,742,1,,,0,120,,743,1,,,0,120,,744,1,,,0,160,,745,1,,,0,40,,746,1,,,0,80,,747,1,,,0,80,,748,1,,,0,40,,749,1,,,0,80,,750,1,,,0,80,,751,1,,,0,120,,752,1,,,0,120,,753,1,,,0
701,'882',600,,754,1,,,0,40,,755,1,,,0,80,,756,1,,,0,80,,757,1,,,0,40,,758,1,,,0,160,,759,1,,,0,120,,760,1,,,0,120,,761,1,,,0,160,,762,1,,,0,40,,763,1,,,0,80,,764,1,,,0,80,,765,1,,,0,40,,766,1,,,0,80,,767,1,,,0,80,,768,1,,,0,120,,769,1,,,0,120,,770,1,,,0
701,'883',720,,771,1,,,0,120,,772,1,,,0,160,,773,1,,,0,120,,774,1,,,0,120,,775,1,,,0,160,,776,1,,,0,120,,777,1,,,0,120,,778,1,,,0,160,,779,1,,,0,120,,780,1,,,0
701,'884',720,,781,1,,,0,120,,782,1,,,0,160,,783,1,,,0,120,,784,1,,,0,120,,785,1,,,0,160,,786,1,,,0,120,,787,1,,,0,120,,788,1,,,0
800,'881',635,,789,9,4,,0,80,,790,9,4,,0,40,,791,9,4,,0,80,,792,9,4,,0,80,,793,9,4,,0,40,,794,9,4,,0,160,,795,9,4,,0,120,,796,9,4,,0,120,,797,9,4,,0,160,,798,9,4,,0,40,,799,9,4,,0,80,,800,9,4,,0,80,,801,9,4,,0,40,,802,9,4,,0,80,,803,9,4,,0,80,,804,9,4,,0,120,,805,9,4,,0
800,'882',635,,806,9,4,,0,80,,807,9,4,,0,40,,808,9,4,,0,80,,809,9,4,,0,80,,810,9,4,,0,40,,811,9,4,,0,160,,812,9,4,,0,120,,813,9,4,,0,120,,814,9,4,,0,160,,815,9,4,,0,40,,816,9,4,,0,80,,817,9,4,,0,80,,818,9,4,,0,40,,819,9,4,,0,80,,820,9,4,,0,80,,821,9,4,,0,120,,822,9,4,,0
800,'883',835,,823,9,4,,0,120,,824,9,4,,0,160,,825,9,4,,0,120,,826,9,4,,0,120,,827,9,4,,0,160,,828,9,4,,0,120,,829,9,4,,0,120,,830,9,4,,0,160,,831,9,4,,0,120,,832,9,4,,0
800,'884',835,,833,9,4,,0,120,,834,9,4,,0,160,,835,9,4,,0,120,,836,9,4,,0,120,,837,9,4,,0,160,,838,9,4,,0,120,,839,9,4,,0,120,,840,9,4,,0
801,'881',600,,841,1,,,0,40,,842,1,,,0,80,,843,1,,,0,80,,844,1,,,0,40,,845,1,,,0,80,,846,1,,,0,120,,847,1,,,0,160,,848,1,,,0,120,,849,1,,,0,120,,850,1,,,0,80,,851,1,,,0,80,,852,1,,,0,40,,853,1,,,0,80,,854,1,,,0,80,,855,1,,,0,40,,856,1,,,0,160,,857,1,,,0
801,'882',600,,858,1,,,0,40,,859,1,,,0,80,,860,1,,,0,80,,861,1,,,0,40,,862,1,,,0,80,,863,1,,,0,120,,864,1,,,0,160,,865,1,,,0,120,,866,1,,,0,120,,867,1,,,0,80,,868,1,,,0,80,,869,1,,,0,40,,870,1,,,0,80,,871,1,,,0,80,,872,1,,,0,40,,873,1,,,0,160,,874,1,,,0
801,'883',800,,875,1,,,0,120,,876,1,,,0,120,,877,1,,,0,160,,878,1,,,0,120,,879,1,,,0,120,,880,1,,,0,160,,881,1,,,0,120,,882,1,,,0,120,,883,1,,,0,160,,884,1,,,0
801,'884',800,,885,1,,,0,120,,886,1,,,0,120,,887,1,,,0,160,,888,1,,,0,120,,889,1,,,0,120,,890,1,,,0,160,,891,1,,,0,120,,892,1,,,0
900,'881',715,,893,2,4,,0,40,,894,2,4,,0,80,,895,2,4,,0,80,,896,2,4,,0,120,,897,2,4,,0,120,,898,2,4,,0,160,,899,2,4,,0,120,,900,2,4,,0,120,,901,2,4,,0,80,,902,2,4,,0,80,,903,2,4,,0,40,,904,2,4,,0,80,,905,2,4,,0,120,,906,2,4,,0,160,,907,2,4,,0
900,'882',715,,908,2,4,,0,40,,909,2,4,,0,80,,910,2,4,,0,80,,911,2,4,,0,120,,912,2,4,,0,120,,913,2,4,,0,160,,914,2,4,,0,120,,915,2,4,,0,120,,916,2,4,,0,80,,917,2,4,,0,80,,918,2,4,,0,40,,919,2,4,,0,80,,920,2,4,,0,120,,921,2,4,,0,160,,922,2,4,,0
900,'883',755,,923,2,4,,0,160,,924,2,4,,0,120,,925,2,4,,0,120,,926,2,4,,0,160,,927,2,4,,0,120,,928,2,4,,0,120,,929,2,4,,0,160,,930,2,4,,0,120,,931,2,4,,0,120,,932,2,4,,0,160,,933,2,4,,0
900,'884',755,,934,2,4,,0,160,,935,2,4,,0,120,,936,2,4,,0,120,,937,2,4,,0,160,,938,2,4,,0,120,,939,2,4,,0,120,,940,2,4,,0,160,,941,2,4,,0,120,,942,2,4,,0
901,'881',655,,943,1,,,0,80,,944,1,,,0,80,,945,1,,,0,40,,946,1,,,0,160,,947,1,,,0,120,,948,1,,,0,120,,949,1,,,0,160,,950,1,,,0,120,,951,1,,,0,80,,952,1,,,0,40,,953,1,,,0,80,,954,1,,,0,80,,955,1,,,0,120,,956,1,,,0,120,,957,1,,,0
901,'882',655,,958,1,,,0,80,,959,1,,,0,80,,960,1,,,0,40,,961,1,,,0,160,,962,1,,,0,120,,963,1,,,0,120,,964,1,,,0,160,,965,1,,,0,120,,966,1,,,0,80,,967,1,,,0,40,,968,1,,,0,80,,969,1,,,0,80,,970,1,,,0,120,,971,1,,,0,120,,972,1,,,0
901,'883',855,,973,1,,,0,160,,974,1,,,0,120,,975,1,,,0,120,,976,1,,,0,160,,977,1,,,0,120,,978,1,,,0,120,,979,1,,,0,160,,980,1,,,0,120,,981,1,,,0,120,,982,1,,,0
901,'884',855,,983,1,,,0,160,,984,1,,,0,120,,985,1,,,0,120,,986,1,,,0,160,,987,1,,,0,120,,988,1,,,0,120,,989,1,,,0,160,,990,1,,,0
