103,36,1,0
103,37,2,0
103,38,3,0
103,39,4,0
103,40,5,0
103,41,6,0
103,129,7,0
103,131,8,0
103,254,9,0
103,43,10,0
103,44,11,0
103,192,12,0
103,193,13,0
103,194,14,0
103,195,15,0
103,196,16,0
103,133,17,0
103,20,18,0
103,21,19,0
103,51,20,0
103,52,21,0
103,53,22,0
103,54,23,0
103,55,24,0
103,56,25,0
103,57,26,0
103,1,27,0
103,2,28,1
104,2,1,0
104,3,2,0
104,4,3,0
104,5,4,0
104,6,5,0
104,7,6,0
104,8,7,0
104,9,8,0
104,10,9,0
104,11,10,0
104,12,11,0
104,13,12,0
104,14,13,0
104,16,14,0
104,17,15,0
104,18,16,0
104,19,17,0
104,21,18,0
104,20,19,0
104,22,20,0
104,23,21,0
104,24,22,0
104,25,23,0
104,26,24,0
104,27,25,0
104,28,26,0
104,29,27,0
104,30,28,0
104,31,29,0
104,32,30,0
104,33,31,0
104,34,32,0
104,35,33,0
104,36,34,1
203,240,1,0
203,238,2,0
203,239,3,0
203,127,4,0
203,126,5,0
203,125,6,0
203,236,7,0
203,237,8,0
203,202,9,0
203,18,10,0
203,19,11,0
203,21,12,0
203,241,13,0
203,135,14,0
203,136,15,0
203,137,16,0
203,138,17,0
203,139,18,0
203,140,19,0
203,141,20,0
203,142,21,0
203,90,22,0
203,91,23,0
203,1,24,0
203,2,25,1
204,2,1,0
204,144,2,0
204,145,3,0
204,146,4,0
204,147,5,0
204,148,6,0
204,149,7,0
204,114,8,0
204,21,9,0
204,116,10,0
204,117,11,0
204,118,12,0
204,119,13,0
204,120,14,0
204,121,15,0
204,122,16,0
204,33,17,0
204,123,18,0
204,127,19,1
303,186,1,0
303,187,2,0
303,188,3,0
303,189,4,0
303,191,5,0
303,45,6,0
303,46,7,0
303,47,8,0
303,48,9,0
303,49,10,0
303,50,11,0
303,21,12,0
303,197,13,0
303,198,14,0
303,199,15,0
303,200,16,0
303,201,17,0
303,202,18,0
303,203,19,0
303,204,20,0
303,205,21,0
303,206,22,0
303,207,23,0
303,208,24,0
303,209,25,0
303,1,26,0
303,2,27,1
304,2,1,0
304,3,2,0
304,210,3,0
304,211,4,0
304,212,5,0
304,213,6,0
304,214,7,0
304,215,8,0
304,216,9,0
304,20,10,0
304,21,11,0
304,116,12,0
304,217,13,0
304,218,14,0
304,223,15,0
304,224,16,0
304,225,17,0
304,190,18,0
304,181,19,0
304,182,20,0
304,183,21,0
304,184,22,0
304,185,23,0
304,186,24,1
400,112,1,0
400,103,2,0
400,105,3,0
400,102,4,0
400,108,5,0
400,109,6,0
400,110,7,0
400,111,8,0
400,113,9,0
400,114,10,0
400,21,11,0
400,134,12,0
400,94,13,0
400,95,14,0
400,96,15,0
400,85,16,0
400,97,17,0
400,98,18,0
400,99,19,0
400,100,20,0
400,101,21,0
400,107,22,0
400,106,23,1
501,2,1,0
501,77,2,0
501,78,3,0
501,79,4,0
501,80,5,0
501,81,6,0
501,82,7,0
501,83,8,0
501,84,9,0
501,85,10,0
501,86,11,0
501,87,12,0
501,88,13,0
501,227,14,0
501,90,15,0
501,91,16,0
501,1,17,1
502,2,1,0
502,58,2,0
502,92,3,0
502,93,4,0
502,59,5,0
502,60,6,0
502,61,7,0
502,62,8,0
502,63,9,0
502,64,10,0
502,65,11,0
502,66,12,0
502,67,13,0
502,68,14,0
502,69,15,0
502,70,16,0
502,71,17,0
502,72,18,0
502,73,19,0
502,74,20,0
502,75,21,0
502,76,22,0
502,1,23,1
603,186,1,0
603,187,2,0
603,188,3,0
603,245,4,0
603,234,5,0
603,235,6,0
603,85,7,1
604,85,1,0
604,97,2,0
604,98,3,0
604,99,4,0
604,100,5,0
604,220,6,0
604,221,7,0
604,255,8,0
604,256,9,0
604,151,10,0
604,228,11,0
604,150,12,0
604,170,13,0
604,169,14,0
604,168,15,0
604,167,16,0
604,166,17,0
604,229,18,0
604,230,19,0
604,231,20,0
604,232,21,0
604,172,22,0
604,173,23,0
604,222,24,0
604,175,25,0
604,178,26,0
604,177,27,0
604,155,28,0
604,156,29,0
604,233,30,0
604,157,31,0
604,159,32,0
604,160,33,0
604,179,34,0
604,180,35,0
604,186,36,1
701,172,1,0
701,33,2,0
701,123,3,0
701,260,4,0
701,259,5,0
701,258,6,0
701,173,7,0
701,222,8,0
701,175,9,0
701,246,10,0
701,247,11,0
701,159,12,0
701,160,13,0
701,179,14,0
701,180,15,0
701,248,16,0
701,249,17,0
701,250,18,0
701,251,19,0
701,252,20,0
701,253,21,0
701,39,22,0
701,40,23,0
701,41,24,0
701,32,25,1
702,258,1,0
702,257,2,0
702,127,3,0
702,126,4,0
702,125,5,0
702,34,6,0
702,35,7,0
702,36,8,0
702,37,9,0
702,38,10,0
702,185,11,0
702,186,12,0
702,187,13,0
702,188,14,0
702,245,15,0
702,231,16,0
702,232,17,0
702,172,18,1
